200
610 100
90 5000
500
1163 4211
169 2525
1136 1680
852 3000
1168 2485
138 1414
66 2939
1068 2229
390 341
552 3138
89 2489
807 2648
459 459
739 1430
225 835
1186 407
121 3792
1079 640
463 811
599 2753
435 1005
321 499
973 1936
931 1747
927 3565
633 1235
731 1328
770 239
646 1452
1136 1822
817 947
289 2995
187 2643
551 3959
443 3157
664 4243
272 1408
282 1031
243 1186
761 4014
371 3537
1033 2249
1003 2090
7 4780
682 2509
562 2364
1153 3035
882 2577
980 929
927 3865
557 754
604 3134
427 2232
679 3027
843 2598
1043 1068
659 1859
1192 449
674 2527
65 4122
247 432
942 1495
138 4972
1084 206
1129 3389
936 1730
1214 2295
792 4575
106 4111
558 3074
714 4594
575 1872
721 3114
1154 366
897 1191
581 490
834 2510
879 2084
171 2937
228 599
1116 3169
1219 4621
516 1415
1107 3542
762 1359
1008 4707
1201 502
761 1394
755 2749
786 4063
765 747
641 4307
109 1785
1033 3155
746 1628
168 1092
146 3868
467 352
650 3092
495 3993
649 4739
710 3467
935 4540
678 2336
187 719
1237 1141
100 1486
447 4185
493 3945
838 4621
604 2439
159 4376
1078 1788
72 1508
143 1155
175 2153
664 2024
211 1394
873 1672
1083 2080
233 3072
649 245
787 461
1048 2698
82 4146
860 2021
1060 2758
148 3891
360 2791
725 3352
729 3575
468 2486
725 2262
165 877
885 3465
572 4243
322 4029
362 1667
274 1464
580 4927
1159 4353
667 3987
453 3892
839 4806
1199 872
659 3872
1125 3910
888 4447
1057 4885
360 1418
614 396
127 1498
507 1795
285 4408
743 4848
112 3918
549 3221
211 1888
634 2577
674 537
293 3463
289 3704
1048 3718
1194 808
339 4101
940 4037
496 3998
59 1511
726 3678
137 4078
125 4191
421 358
949 3281
823 2955
145 4874
978 2717
762 3147
135 4189
197 4478
144 4933
440 3330
330 3887
287 4969
561 4766
1042 375
1085 368
166 3002
965 3605
734 1942
318 264
435 4072
612 1830
599 3593
335 370
621 4853
1222 3462
83 3155
21 1388
58 995
613 2879
568 4977
1049 4497
983 2624
555 2871
88 457
428 4465
822 1039
89 3810
856 4230
1133 1211
937 274
615 3816
1205 1776
162 2333
164 4740
309 1321
598 4059
44 1927
202 3387
146 557
829 4041
718 1170
967 2568
70 288
735 2708
1243 3629
235 4402
622 659
112 3566
1035 3510
1038 459
1037 2645
1223 2755
495 4766
177 1461
907 656
852 3525
1164 519
812 484
1199 556
585 1295
738 3998
320 4448
745 4736
66 4681
268 3210
1157 2436
23 4232
435 3773
762 255
365 945
987 597
1008 2996
768 2872
157 417
1061 464
769 415
467 2815
101 1786
673 4136
810 1927
294 3667
593 1379
303 1313
870 3656
1184 3682
304 2900
792 3590
1228 3041
744 517
489 829
530 4503
583 249
1085 486
1197 4507
109 1305
1237 2073
1086 4276
1017 1988
1004 4390
681 1401
15 3280
977 3824
1245 2406
1005 2542
342 2562
675 2789
899 1579
303 4418
1061 265
769 1820
45 586
285 3898
1058 4737
909 3839
110 987
584 4633
189 355
786 1931
678 2771
1087 2525
31 4743
692 490
106 1722
948 277
970 3352
626 2847
616 2625
478 3705
137 3025
934 3401
60 773
204 4596
172 2430
362 2070
123 4741
998 2531
393 3574
203 3865
538 3756
176 4371
1216 2245
231 161
1062 2287
618 4806
1236 4352
323 2871
228 3395
561 2120
247 4127
225 178
872 1017
1185 3923
1043 3676
54 4595
661 1091
883 2681
1249 3109
1116 2045
130 4987
119 1451
102 2778
94 2786
934 3822
388 4001
900 412
381 896
691 3496
1130 2531
1241 1265
604 220
1134 4022
1092 2366
269 618
589 1306
554 3930
360 3738
528 1539
969 301
1176 371
525 536
213 4775
819 2279
769 3802
578 984
162 1971
68 3218
177 1321
255 2535
831 4967
1081 4863
1121 729
627 4680
515 455
158 233
94 3561
1020 1793
1135 354
648 637
293 2687
599 3921
342 3225
1215 2700
1168 102
720 2748
666 413
1033 4587
570 2872
404 2126
837 968
302 2764
1082 996
865 4293
1161 3457
1121 1408
19 3451
905 938
897 949
537 2549
1098 803
1122 605
556 3053
276 4707
926 3847
385 1024
712 1249
123 287
846 1286
817 578
90 1100
1100 1746
137 1397
1124 1285
378 4925
260 4566
890 3655
550 1617
60 112
635 1596
932 1115
124 1902
150 3601
471 3386
659 4575
1063 3679
910 750
84 1186
68 3023
679 705
931 4933
216 2399
88 4688
273 2046
267 1691
1099 711
1237 933
643 3602
136 3894
255 4419
831 720
578 4347
204 2617
100 660
118 214
16 4588
898 276
216 4161
1215 1399
1096 1374
803 3576
350 1589
1173 2389
123 2622
127 600
529 1582
669 3588
207 751
422 1701
831 2553
179 4080
506 912
389 4759
446 1391
610 4177
361 1274
364 641
362 606
29 728
715 3906
117 1148
785 4798
999 1096
562 4539
1188 3183
715 4517
77 329
255 3272
158 1554
696 4502
121 4523
526 678
703 4433
445 2073
832 4970
430 4265
368 4401
543 1439
635 2095
68 4493
22 3800
1242 522
1014 4301
679 4300
1104 2287
436 1326
633 4950
823 2890
1143 4137
1085 3583
856 660