200
1020 100
957 5000
500
593 3079
235 4258
613 1305
598 2436
335 1238
1153 3546
695 3852
641 1586
689 4626
561 3886
863 4295
270 3459
1029 1773
758 2825
507 895
109 3001
1147 1551
24 1874
1057 4047
1111 2101
287 3416
1111 2657
332 495
520 2153
339 1527
1143 2754
1160 1496
933 380
1198 2145
981 1502
453 1060
1194 3698
925 3204
291 2427
755 669
394 3212
720 4775
884 2796
1144 1681
374 3693
25 3694
1047 2963
302 4524
1100 2839
1159 4006
1036 3217
777 2753
19 674
774 3776
1110 3616
564 4913
125 3429
826 345
925 1410
320 4413
883 1125
696 4458
267 834
1047 476
1175 2714
957 2573
568 1272
709 3976
64 1056
370 2577
911 3529
1030 4834
316 2895
541 4181
351 833
366 3081
875 1522
962 3735
484 4941
1010 3568
1232 3674
723 1032
934 2255
495 2615
299 1981
952 4069
1074 4797
327 382
1047 3495
337 3972
379 2204
963 4510
311 159
1184 398
1168 2876
901 2940
405 1939
738 587
510 4564
835 1014
785 3048
217 291
1080 4741
873 3526
281 3905
197 3252
606 258
930 3195
1161 4729
1144 446
439 126
121 3231
705 1186
791 1896
133 183
1138 2108
1029 4203
665 4929
470 3684
819 4918
1165 670
80 3336
531 642
70 719
161 932
403 4674
805 4851
478 4979
351 3281
1000 4663
283 4982
200 1279
221 1351
113 3587
214 177
526 3941
256 1689
344 3834
69 2608
1022 1926
683 4802
247 3791
58 4980
1233 3104
1032 4071
1180 2956
162 2699
590 1355
1054 328
937 3506
956 1026
717 1375
1193 3155
60 3116
116 1373
514 2991
102 392
892 1913
724 4118
403 2972
332 1243
718 812
89 406
218 3590
594 659
186 4699
768 4357
962 3442
1092 3379
311 3041
183 1459
949 133
1099 3971
869 2599
26 4671
1103 3987
982 1055
99 2728
66 1256
975 1176
150 3068
494 545
468 2742
1199 4475
723 1441
144 363
467 2036
860 298
667 2073
366 1464
1192 424
416 1498
622 4618
958 1289
305 2581
815 2086
979 853
1165 4571
85 891
873 600
1241 456
759 1746
1063 4160
308 4756
1199 2574
1132 938
605 620
688 3456
690 452
1232 648
47 3247
519 2739
654 3419
555 351
687 2912
492 4440
1070 4457
121 3780
27 4435
1060 2699
65 2265
982 3153
844 166
1158 3655
501 4021
1015 1929
235 2844
851 2396
1141 2929
1170 3250
62 3928
962 628
1200 670
696 3136
794 3687
897 2666
3 1760
613 1105
210 2989
33 3247
602 2010
1071 2361
638 3974
1147 927
559 1874
1083 338
415 4258
574 1774
259 1177
1150 119
706 622
87 935
681 4339
664 926
107 1235
86 1895
681 474
107 2489
1134 2754
899 4984
543 362
306 628
1065 4768
339 2941
558 4387
1195 2202
1073 1333
60 501
110 4241
878 747
925 1009
642 3569
1169 1589
309 3991
520 4648
211 416
244 4717
461 4230
1066 3887
804 3412
986 4049
179 4567
295 4642
1185 1031
910 4791
919 1887
532 4198
584 877
943 4441
1129 439
933 2330
587 1635
1146 3162
945 1154
945 3828
814 3821
61 2468
709 2803
111 187
1096 3404
1015 3960
582 4978
122 3645
1073 4996
256 1906
125 1782
60 4477
725 2411
1131 4771
666 1566
710 3036
99 5000
831 3224
611 4768
44 880
148 1703
372 278
77 174
1029 4235
335 2468
15 762
215 3130
545 4521
546 192
25 580
74 527
1092 3385
166 1913
427 343
1202 2115
952 850
1169 456
508 4029
961 2142
125 294
88 4530
887 4388
456 1308
1234 2626
1115 3005
946 2684
256 2147
320 2662
513 3169
529 2592
569 196
799 1164
392 4242
1064 1574
1136 4697
159 1012
112 429
105 838
529 2161
391 1770
585 4820
385 367
1040 2864
388 3651
609 2172
767 4741
355 325
1197 1624
393 1758
127 4969
398 4000
15 3096
827 3506
135 3420
1044 3088
981 115
1198 2573
528 1212
139 1178
259 2152
1025 169
791 3895
798 893
744 620
801 906
576 4303
624 155
1147 2082
104 4784
48 4493
1168 3868
1064 429
973 4636
140 2211
1009 2720
1116 2536
678 4729
494 1600
1149 187
977 2732
1236 3126
256 3060
1190 3152
502 2352
860 4886
117 3771
80 2156
771 3754
776 4505
675 894
411 4720
59 4211
1027 1412
1154 3841
250 4175
358 926
411 2799
63 3960
1212 2022
134 4580
541 1614
380 4713
956 1041
372 499
633 1084
31 4518
678 4388
1225 1902
1199 1926
1219 1244
814 2155
72 3001
967 4590
897 3129
227 662
350 1974
37 2083
345 3953
209 2945
1153 3149
1078 2069
277 1065
787 3491
267 2008
696 1239
130 1136
1126 1491
1236 1075
724 4995
223 120
432 309
829 365
156 1423
1039 2303
963 1288
22 3106
897 2964
809 875
1247 4106
233 4667
133 447
696 3966
736 3245
338 4935
1062 4666
140 2784
954 1827
554 1759
692 1139
328 156
55 4404
446 2607
913 1710
303 4935
1197 229
409 727
851 4362
1016 2774
708 859
501 4944
449 4327
751 363
210 1305
1152 1573
333 3014
90 660
884 1065
809 2618
205 3471
596 2321
989 4436
734 536
1157 1808
877 3365
979 3271
267 2977
340 3208
526 4825
617 3121
396 4763
1107 4023
204 3597
493 1857
592 358
903 753
1072 544
1164 4291
1210 2160
325 2691
73 3667