181
988 100
131 2360
236
1153 2122
720 2348
1158 1083
950 2305
1016 2068
1082 623
545 561
1039 658
503 1294
1001 1039
1151 948
180 1342
497 823
1159 164
1242 637
707 825
716 1781
399 1560
136 1143
214 1449
18 317
1166 1420
387 1353
518 822
146 2032
822 1694
648 2130
711 752
347 324
1073 1219
907 2021
1036 1947
1114 1016
774 1136
21 1737
790 1919
190 451
313 799
894 1745
1110 241
532 947
395 478
488 1755
853 416
847 845
146 897
101 1129
6 267
70 1747
79 2149
549 870
970 820
1156 1084
187 347
374 2055
305 709
514 1549
923 195
609 1328
31 1858
354 923
1201 1848
105 1014
971 1941
651 528
806 549
937 204
932 634
298 1749
380 179
636 1413
1250 445
94 1386
281 329
956 711
267 371
524 630
377 2238
828 1188
621 1635
55 1443
213 1226
296 1261
951 1337
327 2003
798 341
298 1682
183 273
945 909
857 529
213 2317
632 898
1131 554
245 2232
979 429
176 166
227 2044
172 653
1009 325
372 1542
897 2352
1186 345
830 1778
829 1400
769 505
283 2222
722 2282
1207 1427
923 678
478 1652
128 585
1086 1595
317 1542
70 1640
26 1818
1009 1342
805 1038
243 907
1237 741
201 1303
167 1269
1240 1086
1227 1034
504 810
297 2007
1237 1349
20 501
756 233
677 2002
117 565
1087 152
125 1767
874 950
726 332
1046 1659
627 2219
1094 1679
1247 135
1099 1657
1022 563
208 756
613 1987
855 848
899 1143
1154 1560
12 2280
409 1082
1054 1726
1248 2002
248 1657
232 1073
421 1068
1068 358
130 1527
737 1900
230 308
710 1352
1191 2267
1140 1195
834 1140
591 2061
667 339
115 287
525 1589
482 908
1069 307
1220 110
163 476
1172 105
1131 1272
440 932
605 224
98 1874
839 1330
1088 751
305 1441
720 659
536 1948
732 2246
789 1194
32 1841
555 499
1107 2349
250 1441
898 2306
179 204
335 1789
667 1889
1058 1025
629 2234
939 610
181 1767
68 2287
1026 654
876 565
1161 236
1091 2070
94 591
611 2278
245 2125
409 182
575 985
51 906
241 1048
338 889
32 528
934 2026
352 1865
848 1946
385 261
1119 238
36 718
525 765
470 484
509 2274
1052 1907
277 650
537 1012
152 950
428 1411
1065 150
462 2035
1179 1543
1193 1381
338 666
313 767
866 2010
25 896
762 1752
608 409
1027 670
1105 515
199 1270
319 1617
241 834
994 1536