69
355
19 323
26 288
10 149
8 336
45 109
9 294
38 330
45 285
26 295
31 193
17 115
19 20
60 153
68 193
39 77
60 314
15 298
2 216
69 158
2 250
55 217
38 17
66 159
39 154
33 275
8 115
22 103
29 316
26 10
69 227
55 21
20 259
28 308
2 92
37 161
56 185
29 151
4 130
32 2
43 219
6 346
66 37
32 317
67 24
9 269
34 352
35 35
26 95
4 157
47 279
10 53
27 161
62 351
58 200
57 63
61 154
53 36
64 8
18 183
10 196
10 290
25 317
7 27
44 13
22 14
51 176
33 322
40 116
38 51
69 75
5 227
23 210
18 336
57 83
65 125
20 212
35 315
28 175
17 217
61 51
24 178
10 50
63 98
60 242
69 255
59 200
60 264
25 218
46 319
34 339
40 270
55 353
34 280
18 178
54 317
50 298
62 137
3 20
5 308
37 202
9 71
1 189
35 16
66 333
43 348
35 164
32 32
6 43
19 267
51 84
45 1
40 275
64 225
11 73
7 62
8 190
14 191
9 319
69 39
63 125
33 156
30 307
32 51
67 12
19 191
69 128
40 292
28 31
27 79
12 301
41 137
67 304
50 26
49 14
40 170
2 316
46 127
52 154
1 90
27 233
65 9
41 247
47 70
67 271
25 186
58 36
62 23
28 104
52 41
67 335
43 237
53 339
6 304
62 352
56 340
2 2
27 333
56 95
63 82
8 46
62 104
29 270
50 52
13 237
63 2
5 80
48 287
29 236
11 57
49 288
26 299
65 211
36 194
42 211
15 282
31 217
61 13
65 71
53 348
18 330
2 85
35 159
52 138
43 267
10 213
35 204
2 175
42 253
43 107
48 18
39 355
66 207
21 11
32 293
37 12
53 314
32 292
13 22
18 269
23 220
46 296
31 123
1 7
10 258
17 77
45 349
36 89
54 289
31 230
53 156
12 317
12 120
14 307
65 90
13 351
53 177
1 199
55 53
25 49
67 132
46 342
25 57
65 225
62 124
20 248
48 178
67 119
13 105
5 80
55 336
15 51
18 24
13 76
32 17
60 316
24 5
58 31
36 288
40 148
35 121
25 12
42 171
53 125
54 261
21 35
30 205
46 95
7 18
59 327
52 156
42 343
14 165
51 14
27 302
61 135
38 178
22 143
12 333
28 164
21 186
39 344
42 134
49 111
59 21
54 251
18 185
52 41
64 215
17 355
23 11
50 141
37 133
33 151
41 325
26 127
61 65
12 255
2 83
68 68
42 134
31 211
24 213
49 79
32 44
47 126
54 54
44 219
2 191
59 248
55 208
39 294
17 155
36 1
35 27
18 123
55 40
2 62
44 149
53 177
13 30
64 1
1 109
67 185
24 61
20 29
13 75
36 151
63 201
41 258
65 329
16 134
37 207
40 127
47 57
46 31
8 107
11 326
30 196
63 259
43 170
5 5
23 131
8 174
31 59
55 342
13 291
7 194
47 25
30 344
59 341
18 147
68 50
18 319
21 42
16 339
17 231
57 146
56 284
49 126
10 297
48 243
5 266
16 339
3 171
16 355
51 136
43 344
61 6
35 267
17 14
12 239
25 13
47 280
61 79
17 12