81 51 10 9 75 29 59 97 24 35
50
64 63 86 54 93 30 44 89 4 65
90 90 70 82 43 13 79 93 15 15
90 61 93 93 29 30 93 80 44 66
32 77 65 91 1 12 7 6 96 69
47 74 61 7 61 15 27 3 21 85
40 78 50 58 20 12 0 74 42 17
77 59 77 24 25 71 44 74 58 78
32 58 91 47 46 5 23 94 41 40
34 92 0 82 7 88 89 47 76 62
42 40 62 63 17 74 46 62 68 71
18 31 4 55 55 91 88 5 49 25
75 10 26 77 42 56 3 53 87 76
68 79 95 7 96 7 67 85 72 49
17 20 96 85 99 80 11 50 76 28
71 40 90 35 53 48 66 33 20 66
9 95 0 81 42 98 85 70 6 7
70 93 14 49 80 8 81 30 13 3
53 67 16 3 10 60 82 33 51 70
25 8 21 5 7 25 76 96 42 39
58 15 66 71 68 23 80 61 99 13
53 86 90 23 13 87 95 88 30 98
25 39 63 15 48 90 27 21 48 69
79 21 73 97 22 25 95 29 52 59
3 37 1 62 95 68 4 31 68 18
88 76 54 6 85 74 62 26 40 38
71 61 55 51 88 36 80 85 54 10
0 56 35 77 14 21 59 72 42 97
8 20 9 36 99 25 26 90 71 53
37 28 39 32 11 28 74 50 38 18
95 89 27 8 61 8 85 9 93 37
82 63 67 94 71 33 34 9 30 3
20 31 72 1 71 58 89 33 15 36
15 28 66 90 88 95 57 77 13 6
81 51 1 8 93 72 89 71 77 13
2 47 83 37 97 10 92 62 76 26
50 16 66 57 14 5 16 70 35 53
23 75 59 96 50 57 34 7 59 28
50 42 71 12 79 7 32 82 71 83
87 70 66 10 49 58 86 17 34 41
83 92 93 99 85 97 83 19 6 29
53 54 65 66 7 52 25 27 44 21
16 4 26 30 61 92 17 97 16 15
9 90 1 79 32 20 63 77 65 97
70 25 88 71 28 17 54 80 62 78
93 19 75 78 91 20 16 14 75 76
18 15 29 12 89 98 88 19 74 42
21 58 5 33 66 39 52 39 37 56
71 66 7 11 39 0 40 97 68 1
51 72 68 48 56 96 61 16 18 81
91 67 18 92 55 3 9 57 34 82