36 6 2 59 99 45 6 46 85 33
100
92 27 94 57 42 41 53 13 16 84
16 66 29 39 19 50 13 18 98 20
32 62 78 1 70 30 11 69 62 66
66 19 79 69 4 98 57 25 4 74
21 10 69 96 34 35 87 45 90 13
96 52 31 27 7 84 7 63 13 77
69 56 70 67 40 53 55 73 13 4
41 55 10 3 93 48 49 36 79 91
66 57 78 84 66 44 36 67 81 32
2 64 81 79 33 12 41 8 73 15
11 79 12 35 76 93 4 46 57 17
34 97 57 91 99 53 64 66 30 25
84 48 12 58 35 18 41 27 5 47
78 43 97 27 97 95 9 91 96 42
49 93 11 45 84 99 6 4 76 17
43 86 54 10 20 87 98 12 8 86
61 70 82 1 0 53 97 87 78 91
71 2 58 19 79 2 92 61 21 26
10 85 37 19 35 93 95 45 93 36
89 20 23 47 94 15 0 15 54 58
6 29 88 30 89 13 3 16 52 86
7 71 81 0 51 30 77 91 60 69
66 68 91 87 55 17 37 68 8 64
98 73 4 32 38 88 51 89 43 15
94 83 70 2 97 53 46 82 92 69
9 76 95 55 23 9 3 73 11 73
63 9 36 92 8 92 89 69 79 58
18 47 98 90 71 23 60 37 84 64
95 58 98 65 63 78 99 98 2 25
22 0 72 64 55 86 94 65 74 64
61 20 58 96 57 94 50 55 46 68
82 71 11 4 37 74 63 48 61 91
31 9 91 88 5 78 86 75 59 12
12 57 90 45 24 40 44 95 80 71
50 89 56 22 67 35 54 70 14 81
46 84 52 11 30 39 56 95 4 65
85 54 72 73 11 49 49 35 3 13
78 82 19 99 48 23 60 41 98 44
83 66 14 62 78 49 9 16 68 56
34 24 40 10 13 63 92 44 37 88
69 61 59 42 4 89 59 77 13 16
64 9 37 12 0 77 41 80 53 99
1 93 98 54 64 55 95 38 74 13
68 47 74 42 37 52 66 39 6 19
48 42 89 4 30 91 58 61 41 8
39 93 9 46 68 93 67 69 74 6
7 62 95 57 9 30 30 30 75 94
53 52 34 8 37 24 56 56 5 41
25 88 21 81 98 22 46 27 43 81
78 14 7 27 48 63 86 61 5 67
51 91 70 62 35 37 1 94 16 73
17 75 59 63 8 15 88 12 0 51
63 71 91 97 64 30 54 95 21 81
86 8 2 40 34 5 30 78 61 49
73 30 86 88 59 58 28 10 24 60
72 39 52 93 88 1 64 36 74 72
90 53 15 9 65 91 10 24 45 80
62 31 38 21 52 30 70 21 25 5
11 35 91 3 23 0 79 7 69 5
63 64 3 89 50 30 42 53 89 64
1 8 59 78 87 98 95 67 85 73
81 10 27 50 95 51 78 23 48 82
72 29 28 99 48 49 3 52 97 15
77 19 96 9 26 70 5 48 37 10
23 39 97 2 71 62 20 1 72 64
44 73 28 28 40 61 84 84 97 40
36 83 72 13 3 52 84 96 30 61
52 21 31 60 39 87 55 66 87 63
37 59 30 15 94 68 66 12 70 56
5 79 72 41 23 33 2 2 13 26
91 12 63 7 10 15 57 94 3 45
28 97 40 3 44 42 69 87 14 53
82 74 18 30 11 79 10 28 11 73
49 2 64 69 23 2 29 21 20 84
47 51 22 59 59 57 30 66 62 52
30 49 36 73 49 82 36 87 99 31
39 60 96 90 16 21 74 63 7 35
59 95 19 6 77 9 53 11 43 8
19 12 46 71 16 84 93 60 67 25
85 76 55 18 76 19 32 33 44 87
42 24 7 46 34 19 28 90 21 87
71 51 43 73 69 11 96 37 74 69
33 52 35 12 78 39 22 9 96 0
70 34 55 20 28 41 28 1 18 8
62 3 68 64 68 84 30 61 83 85
96 66 54 91 78 12 81 87 47 40
63 79 41 98 7 56 94 44 91 29
8 51 72 85 6 79 83 45 24 77
82 61 84 24 49 56 18 3 24 98
59 18 2 58 61 67 56 34 67 3
18 33 7 13 22 14 67 28 97 37
98 78 68 13 27 81 93 23 90 21
6 30 76 48 36 75 18 90 75 93
88 38 54 0 58 18 32 78 91 18
20 53 41 10 64 49 70 7 90 16
96 14 9 64 58 89 51 86 96 9
6 67 5 91 70 23 50 75 45 64
43 68 54 63 33 52 49 4 20 24
98 8 5 85 72 63 2 19 41 27
99 14 39 70 14 58 57 3 24 90