237 26 82 767 417 117 245 135 339 424
1000
532 618 351 23 614 375 350 778 963 226
675 276 959 834 224 574 724 868 318 828
775 384 812 876 469 963 13 507 518 923
967 12 141 11 31 914 257 299 817 814
196 402 730 904 215 168 309 724 690 745
262 818 280 579 380 442 463 39 529 547
990 969 428 936 763 269 5 309 376 51
223 255 582 492 108 523 719 729 812 40
280 547 29 332 249 904 31 685 266 57
640 159 154 785 986 708 23 602 327 725
945 427 637 319 998 852 933 731 194 659
376 435 52 952 199 197 830 157 564 200
892 603 383 376 665 288 792 492 296 628
962 666 937 62 475 273 767 209 349 642
22 694 169 76 782 138 611 150 842 502
837 412 156 443 534 420 283 402 951 497
591 316 742 626 124 25 468 937 777 248
594 400 157 171 686 260 107 775 382 908
255 467 644 232 559 481 849 936 487 105
340 727 67 748 996 673 851 398 495 185
722 549 175 717 636 771 558 709 282 661
12 446 431 440 651 195 683 340 6 193
626 222 789 802 315 997 82 54 929 730
352 218 587 215 526 783 566 200 554 420
823 495 273 562 365 953 75 458 941 136
268 653 845 292 141 410 935 890 1000 620
935 964 696 950 1 201 413 913 832 213
149 170 520 783 567 183 733 30 289 511
783 765 366 954 350 727 418 292 331 967
602 668 897 718 868 262 595 962 752 561
835 734 349 346 575 81 174 441 500 608
766 592 247 250 751 184 879 725 898 928
269 280 286 140 399 365 51 819 216 618
582 984 738 49 84 205 703 297 711 545
315 222 531 59 848 605 554 221 624 216
666 360 92 123 796 940 858 162 267 817
348 385 307 932 984 605 92 655 113 316
156 124 623 41 657 454 802 796 416 466
53 722 823 844 232 284 896 628 586 954
296 325 648 371 633 702 373 696 278 687
323 287 685 678 187 322 180 868 351 469
244 629 404 36 161 842 505 468 793 461
666 397 265 566 20 968 1 6 318 79
892 659 717 400 826 607 754 144 347 334
737 535 285 549 612 819 506 382 180 833
18 77 602 498 479 604 744 778 75 793
853 50 716 656 992 220 600 921 935 0
935 804 643 877 336 893 813 474 535 399
874 438 562 561 464 509 349 706 54 634
471 192 154 210 781 134 304 74 846 358
381 882 770 904 381 118 410 996 329 993
835 857 25 677 327 836 335 307 379 428
350 493 757 740 226 717 495 289 626 119
909 396 637 404 575 213 219 483 643 90
293 397 168 979 314 716 71 980 560 975
636 887 762 432 109 469 690 308 126 658
957 80 844 164 99 870 899 741 205 27
863 636 225 901 465 808 344 397 101 604
371 784 79 674 96 932 842 985 97 922
370 188 146 815 22 770 103 492 803 111
547 90 891 389 161 296 901 143 511 136
445 3 691 698 187 580 279 870 15 129
584 998 189 366 381 723 779 171 867 252
247 236 409 42 464 772 604 446 855 624
507 331 568 56 817 391 884 302 716 500
173 198 614 98 523 51 208 342 977 478
634 968 230 542 944 617 553 773 48 846
897 735 394 484 771 445 878 62 397 506
548 42 95 689 856 402 890 836 393 127
8 349 743 12 800 522 217 713 307 959
502 7 353 876 533 96 200 857 488 943
648 490 6 335 74 89 622 478 968 921
543 25 230 778 435 282 672 518 694 937
397 967 984 270 982 811 127 77 34 288
815 897 955 741 50 948 21 924 549 559
190 598 678 526 718 594 550 722 896 608
730 725 761 871 906 748 762 655 517 341
786 355 549 482 750 952 931 970 451 788
852 164 943 220 103 29 926 114 441 962
452 31 685 848 667 56 490 945 732 398
314 111 512 152 769 314 179 100 431 292
870 740 601 618 761 695 654 161 617 250
59 481 879 319 115 295 846 578 804 124
181 370 43 504 332 424 9 856 317 572
19 198 463 307 242 176 288 68 940 479
662 426 844 555 872 131 295 776 472 743
641 189 873 710 644 750 401 947 746 505
701 341 518 831 439 913 276 845 772 756
658 322 961 601 84 948 398 255 854 889
759 232 888 861 265 299 712 685 870 589
48 710 210 477 850 192 447 934 943 238
9 896 312 859 261 747 823 674 960 219
717 196 957 68 508 701 517 274 453 577
91 253 659 767 166 527 857 491 311 549
234 773 760 452 650 11 448 393 905 435
4 848 534 355 524 839 694 490 797 161
463 60 339 845 325 278 533 717 635 791
440 270 83 684 794 262 450 485 24 55
437 8 555 420 270 793 796 526 209 276
934 653 693 364 122 476 194 351 508 30
420 263 388 164 161 708 545 435 680 675
77 190 172 322 219 194 988 844 935 412
805 296 450 329 147 897 389 464 979 844
67 868 564 175 222 58 794 493 232 197
605 654 637 556 867 689 476 47 590 851
816 118 183 351 622 710 34 318 234 389
406 197 316 413 512 961 177 652 987 21
246 631 556 311 930 242 973 903 252 622
250 90 761 42 481 686 942 620 205 934
357 67 65 460 239 782 619 101 506 328
89 24 78 908 151 889 158 459 218 484
990 480 907 274 895 409 147 982 159 461
307 902 686 432 966 208 703 946 8 592
132 781 261 449 194 50 388 869 16 899
0 206 394 640 369 512 539 454 557 860
895 483 925 500 854 985 201 60 484 732
572 213 714 132 821 857 193 997 393 318
65 633 92 672 597 429 486 441 974 432
72 831 4 330 1 856 710 980 867 336
743 630 165 971 60 894 336 573 141 722
876 520 885 439 481 969 297 206 986 693
702 983 110 304 890 121 220 154 172 708
431 10 364 903 606 913 626 718 261 945
789 911 38 138 552 455 42 718 236 303
817 680 235 62 263 483 700 824 491 186
947 389 696 369 458 670 177 19 832 512
810 571 784 206 983 751 391 302 160 327
867 345 466 305 441 556 780 980 857 793
897 456 591 708 718 472 1 837 208 860
547 765 158 170 49 913 395 721 796 826
855 603 413 575 673 793 616 832 572 685
215 744 236 710 518 100 219 503 615 679
676 343 778 691 122 10 255 830 130 147
936 120 518 670 826 394 578 722 590 86
797 845 127 323 832 421 835 285 303 734
827 629 779 864 877 292 892 682 369 767
84 403 47 223 423 98 729 539 86 60
475 552 597 948 107 270 380 995 358 631
164 506 608 169 553 635 43 221 744 23
413 99 862 133 334 482 616 194 411 156
412 985 381 288 610 993 138 466 880 608
737 13 988 107 449 215 542 94 348 447
120 501 603 437 929 23 232 485 156 484
602 956 409 744 588 234 100 129 940 544
852 187 762 112 287 987 622 227 536 11
847 11 66 751 862 206 46 782 251 861
391 627 712 718 140 42 537 944 64 455
721 413 603 290 674 797 530 701 655 179
386 575 807 539 905 637 338 55 143 483
151 455 4 476 482 349 340 893 230 326
747 216 999 751 768 656 138 314 804 630
443 12 70 830 706 521 25 758 246 339
477 207 536 24 258 661 676 465 908 69
129 125 54 909 721 150 139 341 438 616
926 495 441 176 896 832 423 572 26 134
432 57 387 850 318 626 611 210 37 854
434 570 851 636 322 771 324 953 770 338
375 533 604 387 972 380 313 784 14 382
292 611 222 908 177 102 307 806 49 403
873 847 932 906 348 869 188 537 891 884
866 432 978 641 769 248 137 349 401 609
745 148 868 434 939 839 7 741 264 971
115 876 215 992 1000 274 38 895 157 788
323 67 237 214 370 883 490 908 318 593
480 921 848 319 386 722 707 592 343 228
77 648 276 411 703 866 407 1 940 246
844 319 825 545 305 484 420 381 108 479
884 763 268 792 580 858 795 2 773 582
317 733 53 151 857 928 753 679 822 761
106 988 501 55 277 927 750 896 162 710
161 836 662 211 962 728 329 578 219 400
217 658 237 832 267 900 845 984 516 149
379 592 688 145 642 926 819 290 213 208
179 463 651 332 913 393 541 413 776 824
111 272 953 489 767 502 849 664 823 974
648 212 199 153 167 500 243 229 372 402
679 334 0 797 935 573 144 916 604 607
932 345 49 733 850 479 831 97 86 738
586 611 529 265 143 103 628 75 386 406
137 902 547 19 362 562 205 400 190 82
254 241 890 668 871 81 437 839 623 404
262 717 148 349 585 707 583 192 669 120
780 522 490 341 61 378 133 587 335 933
236 844 252 995 325 906 718 883 699 360
892 337 864 356 399 296 715 403 923 831
572 479 527 297 759 89 14 214 313 446
684 602 869 423 681 255 922 832 852 449
622 291 384 670 163 385 943 949 996 456
94 989 575 681 950 998 171 951 650 676
874 961 909 463 778 911 166 24 594 835
528 501 172 79 990 991 369 689 24 763
755 883 740 524 113 733 223 378 10 460
591 936 376 200 481 986 567 35 790 444
543 531 653 542 567 113 713 721 129 167
891 404 557 944 700 623 904 282 83 613
385 876 683 375 709 538 465 210 982 936
600 21 54 40 420 211 534 386 882 911
860 601 948 543 493 639 259 28 11 992
440 702 11 158 285 503 323 530 702 798
115 439 454 845 258 114 44 687 5 950
331 433 226 177 516 637 868 714 61 292
689 78 437 972 366 751 181 903 324 830
95 843 36 826 565 461 666 561 197 315
29 580 870 711 139 656 355 313 780 910
603 687 816 440 595 812 764 851 382 559
930 320 877 32 256 895 671 486 254 874
608 848 79 246 672 614 421 452 646 576
494 395 776 547 571 971 727 221 902 797
395 114 504 298 162 524 195 978 959 336
54 332 718 329 345 504 165 845 939 387
542 647 241 324 794 785 300 44 156 552
686 556 303 23 0 922 475 862 167 504
920 802 902 478 398 190 964 302 956 628
677 484 757 732 570 302 522 99 913 981
746 123 13 360 488 244 237 11 57 257
826 542 160 1 685 782 777 757 224 819
6 827 825 330 853 517 22 358 503 637
163 950 521 748 204 581 603 166 298 624
572 248 848 122 839 929 260 102 580 966
973 780 269 442 287 259 656 244 960 729
570 377 556 950 319 941 576 68 121 579
824 654 500 941 689 596 916 557 295 460
577 912 209 395 823 700 601 541 976 519
909 880 582 577 134 307 67 973 325 422
935 64 766 491 118 383 34 508 583 289
968 27 881 62 980 449 437 635 858 1000
567 888 223 812 409 325 157 10 992 810
851 456 595 99 125 29 135 140 273 985
920 906 686 545 14 529 852 991 476 61
327 938 269 14 50 542 29 54 378 47
684 127 996 28 389 264 138 63 435 362
703 157 909 157 725 925 694 503 594 515
478 930 296 52 822 138 140 999 278 329
497 697 30 525 747 262 604 35 691 541
405 384 85 305 581 449 574 198 828 296
244 390 869 454 119 645 553 239 389 991
27 315 552 468 681 138 160 44 125 5
888 593 554 588 558 704 387 523 292 889
964 712 866 255 2 805 64 298 197 202
327 878 429 263 376 1 662 972 815 373
686 706 982 558 991 731 377 121 506 967
338 94 841 236 810 100 154 616 965 683
69 780 111 232 914 508 36 637 940 853
676 31 390 312 572 56 26 450 936 818
565 94 760 616 21 332 954 13 920 708
873 972 693 29 227 832 244 536 180 963
962 69 286 690 872 12 766 632 520 160
203 489 279 9 563 10 331 570 172 861
153 534 281 438 836 594 84 624 335 251
869 519 781 131 741 665 377 632 182 510
907 115 894 392 389 199 269 666 754 799
262 667 988 531 425 186 528 233 666 598
196 456 204 929 727 486 256 775 280 594
107 85 891 99 113 735 591 72 187 928
587 573 388 480 515 655 301 624 750 981
948 907 152 550 282 438 145 907 722 404
891 655 124 608 380 590 623 333 402 686
170 478 271 101 566 497 931 157 261 972
60 155 39 717 360 69 935 779 835 479
639 570 50 503 106 516 53 76 812 380
942 865 886 563 925 837 197 228 967 79
436 632 869 308 856 250 768 80 98 776
628 403 149 558 711 721 710 675 844 653
357 487 243 2 527 534 357 884 206 383
506 35 948 982 265 175 447 890 562 748
168 351 780 154 164 625 981 103 516 760
860 611 407 382 176 618 932 126 802 791
233 115 189 514 511 616 786 150 457 227
198 737 831 538 390 632 848 52 430 43
899 191 572 843 209 286 517 949 334 338
508 886 539 965 85 1000 631 773 862 529
887 858 856 916 66 331 312 962 290 165
530 436 941 400 752 746 912 71 335 894
604 285 212 227 585 289 211 167 1 710
750 221 618 763 219 571 404 493 578 810
629 12 804 155 391 684 530 889 774 894
424 428 281 49 777 925 737 936 349 495
299 49 161 434 180 955 84 110 762 805
933 809 499 963 229 183 613 5 314 876
307 948 707 534 141 663 28 477 837 760
995 250 216 702 840 486 729 687 101 854
69 436 566 421 3 682 749 134 107 933
456 652 938 485 97 404 580 484 189 755
173 56 888 983 98 711 500 221 712 164
995 91 106 798 610 490 655 517 655 731
236 978 140 592 694 46 658 986 510 778
810 200 511 633 303 229 145 987 430 150
483 253 105 100 199 744 949 628 136 772
655 573 388 194 226 426 944 978 487 551
150 885 690 811 480 570 878 787 325 213
983 901 718 567 495 886 312 793 298 279
41 223 849 747 294 354 406 626 726 970
610 449 675 674 996 482 11 152 289 918
246 549 476 751 452 746 212 822 105 600
651 31 625 812 410 797 696 916 907 161
995 896 49 365 203 873 705 654 968 885
295 347 829 168 367 154 600 550 751 940
378 405 303 637 749 878 709 920 751 893
404 343 734 224 211 405 296 585 594 345
335 432 80 522 91 741 424 495 440 983
32 133 532 213 54 224 873 1 651 676
397 857 565 400 135 424 325 954 407 340
994 529 779 356 500 39 909 328 59 626
958 684 175 449 539 240 592 868 554 566
729 870 867 473 254 816 258 351 581 74
580 723 194 974 195 338 148 765 374 954
671 521 568 508 375 332 195 886 739 532
784 545 86 872 237 740 971 246 58 712
488 793 794 716 139 996 615 380 285 102
777 557 476 503 887 923 572 626 902 139
852 979 637 475 224 527 282 571 903 294
490 636 204 50 644 189 587 568 749 681
271 347 172 877 214 415 545 243 870 487
199 956 872 406 267 820 500 307 497 883
782 345 440 632 85 130 352 119 321 991
238 752 583 264 719 828 66 124 439 761
202 449 29 969 953 883 573 400 331 510
203 83 750 455 861 491 882 537 307 698
872 92 648 92 109 580 74 981 954 961
976 210 8 684 605 636 711 981 1 912
919 951 813 796 212 531 949 701 978 378
252 914 867 543 521 491 346 266 242 250
787 270 847 44 220 61 2 770 296 210
688 76 550 101 337 756 201 335 786 978
983 0 27 713 682 831 783 172 719 141
582 659 1 354 717 311 152 877 89 583
707 315 210 467 914 398 841 773 456 506
269 431 492 98 267 679 706 966 416 5
0 615 159 439 720 871 190 277 570 388
791 603 597 40 68 829 47 619 975 17
241 119 242 542 614 109 276 875 229 63
803 456 518 492 303 236 646 304 236 543
993 711 999 600 781 662 164 645 328 468
821 512 64 856 992 523 94 817 783 819
106 738 768 490 596 886 203 197 895 556
171 936 754 865 776 22 423 799 820 921
264 140 244 693 385 879 956 678 55 616
303 116 818 884 527 205 270 419 633 50
103 8 882 42 392 240 742 440 146 164
801 338 765 82 851 181 914 593 215 985
52 25 152 999 240 476 67 596 598 345
295 737 781 404 789 881 553 926 325 122
448 111 115 265 520 196 957 480 237 664
678 672 410 85 30 711 772 888 23 971
503 388 570 234 473 220 404 663 484 845
308 236 883 930 730 295 775 625 698 267
643 319 7 553 661 890 809 151 968 769
539 393 952 54 854 781 917 657 298 68
841 261 104 295 731 741 583 155 405 568
282 687 327 128 780 490 199 642 544 662
885 545 635 742 586 446 215 272 779 565
999 59 862 67 76 861 692 64 33 777
44 925 983 113 670 355 688 690 738 776
111 300 218 648 608 6 489 931 138 794
581 188 496 1000 126 923 829 296 703 429
308 36 592 333 5 320 96 25 873 659
513 735 198 621 679 115 690 239 351 621
822 786 901 869 178 570 52 576 519 768
691 118 837 626 14 401 311 20 301 421
629 266 837 103 756 52 807 405 534 354
64 790 179 327 505 892 631 441 94 133
905 610 171 66 354 687 920 834 155 332
639 499 839 359 900 123 940 27 3 293
676 302 541 476 198 441 261 749 697 879
74 1000 116 791 480 640 458 588 284 926
700 179 351 96 990 81 23 853 688 11
659 45 669 183 440 203 581 603 884 338
835 877 566 111 603 667 61 643 820 987
174 752 997 60 890 184 453 582 942 222
778 822 406 242 876 724 447 278 397 156
750 618 972 97 8 92 383 381 451 732
383 595 499 283 895 998 480 988 323 29
520 231 918 653 717 212 159 263 281 259
124 590 365 880 530 664 858 861 438 782
814 470 246 59 745 135 277 656 321 983
661 597 566 847 28 77 180 259 213 254
282 642 181 393 494 149 630 660 312 296
228 679 370 592 302 918 817 63 630 189
428 509 750 412 524 526 375 790 783 826
958 213 221 99 177 263 161 53 587 690
599 104 751 642 756 566 450 883 150 540
512 713 37 223 435 43 859 378 745 333
59 175 323 485 682 58 474 227 56 80
1 438 732 986 604 940 854 801 867 691
665 960 452 446 843 716 881 555 736 548
556 559 35 143 620 917 228 964 352 682
85 661 271 420 710 581 834 762 684 626
398 168 552 444 663 657 748 251 378 693
646 674 538 920 567 65 770 433 489 593
553 242 640 548 477 554 954 370 657 200
575 417 76 507 847 761 950 64 483 909
460 301 700 40 485 982 75 774 871 825
763 541 904 595 915 533 750 799 425 789
291 24 962 758 994 694 179 70 151 17
237 180 76 749 379 63 548 932 318 351
127 363 279 981 938 234 356 783 24 947
48 303 967 348 527 921 393 705 769 340
560 591 167 578 731 522 881 947 236 155
322 3 933 876 2 267 930 275 580 899
711 74 527 69 123 47 824 362 454 901
358 132 255 796 546 658 833 186 743 251
410 492 865 221 19 682 250 992 900 977
854 769 7 417 231 767 609 564 965 796
271 93 747 903 982 147 866 221 749 339
153 518 302 900 916 488 994 684 588 1
151 384 450 290 787 982 725 496 989 106
746 815 198 495 366 214 56 706 791 702
673 120 766 696 178 485 659 757 408 127
560 294 832 436 716 484 625 481 654 4
553 344 840 104 164 22 831 607 853 901
549 509 189 794 370 902 807 326 15 639
210 197 817 982 540 384 314 895 408 939
722 103 149 658 288 563 16 567 98 844
591 568 720 996 418 215 551 11 732 664
563 803 28 216 589 845 969 451 778 622
353 255 601 15 301 534 975 143 819 70
69 523 420 481 90 759 120 664 353 364
452 505 695 523 203 734 714 20 959 312
159 970 735 930 624 89 327 271 68 87
639 485 853 358 960 641 850 674 572 399
869 941 405 441 622 204 694 875 97 871
192 806 230 587 925 476 341 101 35 906
60 627 531 92 944 878 40 933 144 267
158 105 139 651 704 548 26 589 108 857
931 210 689 170 495 558 847 267 901 930
455 385 884 197 956 436 731 386 569 275
969 800 518 554 434 593 972 339 125 341
344 374 249 960 594 860 995 865 538 982
745 377 929 138 639 229 307 113 776 332
237 71 695 650 63 216 959 515 646 795
391 350 350 981 693 541 297 897 564 794
934 705 816 510 944 85 172 237 429 417
745 428 923 595 399 340 874 148 45 377
788 581 41 619 655 54 971 405 892 25
364 84 197 780 716 929 900 363 62 979
501 509 503 343 61 793 814 653 576 357
250 355 339 254 854 531 218 407 930 497
284 433 175 673 984 568 911 642 463 9
808 995 660 713 873 162 9 374 938 937
572 7 88 847 592 586 183 924 397 497
803 443 750 634 294 572 89 694 404 29
21 777 57 702 586 939 563 525 569 183
289 365 754 474 795 612 145 715 697 183
654 771 207 688 333 409 174 300 362 303
678 558 111 164 188 587 220 254 156 237
317 253 289 141 65 408 397 614 215 521
880 992 832 704 287 145 447 360 729 162
346 706 317 11 586 384 692 472 170 241
913 36 213 519 393 138 486 303 939 694
24 638 862 216 830 68 892 686 981 368
56 345 376 367 778 228 899 637 50 557
758 951 982 865 885 312 806 442 649 598
505 570 21 241 708 62 116 31 291 395
428 106 453 423 99 909 697 161 194 365
927 540 813 935 654 299 102 491 96 223
597 728 838 605 607 363 364 485 346 527
500 125 169 772 409 984 689 338 814 429
304 476 208 753 765 450 791 100 274 363
689 54 663 440 70 530 493 882 994 149
944 352 870 907 280 66 82 699 636 760
176 282 296 884 655 322 106 839 41 865
12 936 568 26 132 543 168 441 884 293
875 206 293 998 702 212 229 878 768 713
404 292 57 996 736 630 200 907 839 108
927 60 87 317 665 300 323 290 918 477
590 867 29 272 759 461 927 459 99 338
421 430 995 407 337 694 742 114 940 308
183 969 828 535 156 445 661 182 551 774
269 676 160 407 472 346 860 25 646 839
87 437 783 627 80 728 916 977 511 875
892 424 662 595 650 914 971 745 585 980
496 660 125 497 683 416 154 184 333 203
818 636 977 699 742 570 377 64 149 365
753 987 236 599 986 371 512 492 824 569
654 976 352 480 65 696 333 445 349 753
57 926 689 925 863 129 655 10 465 179
158 361 591 900 537 624 145 682 324 678
715 112 395 627 616 346 603 865 489 554
143 625 506 36 41 885 474 501 412 160
357 438 435 58 988 263 70 660 228 374
600 463 608 738 603 141 940 174 56 325
12 947 797 873 19 538 213 659 263 377
589 104 980 411 489 543 821 779 730 977
445 124 674 576 224 950 934 896 609 94
250 997 836 534 263 199 929 759 586 545
911 722 835 596 823 959 234 433 689 348
733 30 387 12 200 412 734 530 641 673
222 813 792 663 410 989 287 529 11 605
489 885 410 208 391 116 720 91 577 178
952 73 304 670 690 457 792 524 699 782
746 78 26 166 455 106 160 365 730 841
248 818 987 544 173 110 947 514 336 676
56 939 821 42 564 166 770 158 345 434
741 181 60 846 721 139 309 975 215 317
996 736 535 739 290 176 790 182 510 34
995 936 627 338 288 998 227 664 897 177
321 424 185 223 699 630 520 845 32 224
642 69 264 617 441 237 531 18 696 967
822 785 659 339 979 264 316 818 285 596
819 341 835 877 934 511 484 269 636 239
613 766 301 515 3 817 62 470 277 48
326 249 284 115 10 285 703 867 353 551
371 334 460 639 316 313 321 855 704 734
227 311 757 131 178 994 277 712 877 564
90 215 57 703 681 422 365 54 537 508
391 483 404 61 510 123 343 535 792 312
31 772 80 791 600 326 140 369 626 188
36 478 264 349 483 747 834 690 418 377
613 606 223 470 205 465 780 879 309 437
693 123 201 211 270 923 946 119 393 378
907 981 204 591 72 385 84 611 148 437
304 718 820 790 972 464 554 309 82 308
864 632 320 393 953 233 993 542 149 555
904 467 344 158 732 501 734 866 856 930
484 103 297 653 382 939 794 818 638 775
932 303 251 168 868 405 791 631 912 139
884 904 830 738 112 877 772 282 676 662
651 280 655 918 889 24 3 473 528 744
908 303 143 958 312 480 607 274 74 671
9 595 526 713 268 121 507 106 714 511
853 426 731 190 617 611 403 79 269 162
861 144 845 124 440 127 57 656 470 431
692 863 351 231 955 63 515 674 986 560
614 554 928 743 800 673 46 604 290 338
579 543 43 845 310 14 491 546 569 80
296 808 45 393 30 958 817 614 555 323
402 715 608 249 233 178 395 585 375 661
491 680 829 950 391 355 218 970 522 633
445 647 704 833 293 249 291 223 25 500
837 248 51 181 964 807 119 565 621 228
98 905 199 31 948 732 899 199 948 951
347 253 856 983 850 600 431 669 931 762
651 494 1000 655 824 569 110 659 303 97
583 721 955 205 791 724 936 434 428 225
626 790 708 644 681 686 41 921 169 732
973 950 525 544 849 514 391 735 22 334
605 816 73 730 42 795 743 493 614 535
322 777 36 368 966 788 989 817 473 274
910 183 798 93 274 395 522 940 808 103
759 293 11 543 971 166 439 206 189 655
205 126 596 617 54 637 52 936 50 668
545 542 563 820 693 465 10 21 482 93
386 345 490 357 963 388 897 346 767 511
642 385 164 159 867 471 116 434 215 781
696 744 513 957 722 203 467 713 912 436
508 496 219 388 320 275 52 447 444 931
143 718 446 185 699 950 282 168 119 210
970 856 326 652 839 769 432 654 552 12
772 472 367 44 516 592 80 558 504 836
262 394 501 652 697 303 55 628 83 894
973 671 677 990 541 872 351 228 575 173
362 627 556 498 573 544 65 858 823 949
532 285 697 99 824 347 736 772 686 685
445 664 831 29 822 566 686 718 552 646
518 264 56 176 436 499 122 650 250 953
282 677 952 954 360 0 547 778 666 296
504 518 480 336 277 685 738 52 663 535
708 595 132 416 907 418 575 574 125 778
52 159 747 437 872 954 988 759 10 209
729 630 607 829 624 238 407 719 546 348
161 848 611 744 211 575 646 185 754 10
811 461 893 230 950 567 21 332 28 610
440 587 342 526 364 669 490 446 227 956
130 519 385 847 191 255 594 974 504 397
899 435 635 440 541 27 443 865 859 44
349 601 226 939 580 34 843 646 24 528
13 685 465 266 431 106 760 650 373 888
928 633 67 501 454 833 856 475 406 380
924 100 610 267 946 741 281 162 880 724
540 23 259 693 192 765 867 42 902 580
626 661 471 771 557 566 106 528 45 832
227 614 340 258 864 305 100 458 932 230
295 147 220 933 733 64 775 323 237 926
713 214 841 935 953 61 672 162 278 713
71 821 920 159 460 30 110 752 314 678
308 865 583 722 657 909 744 390 827 395
731 110 353 572 895 46 403 597 945 877
256 45 328 102 321 63 411 611 561 568
507 212 253 9 186 290 88 203 458 436
549 251 570 640 803 841 271 401 981 966
696 325 634 400 276 268 837 581 420 447
875 759 941 218 446 768 37 619 749 10
828 278 786 516 183 850 36 125 371 457
732 424 977 920 927 932 904 344 233 65
355 848 415 169 850 497 945 995 639 600
722 874 649 885 761 387 386 907 270 77
199 24 93 723 29 673 657 559 361 19
413 232 544 677 192 707 238 50 54 925
608 675 30 113 623 944 299 985 591 734
460 424 89 979 864 998 855 276 390 748
997 776 870 138 295 172 191 292 616 138
417 762 620 522 663 496 248 652 962 646
203 304 20 35 846 250 101 895 261 277
255 590 236 412 234 81 495 518 543 169
217 190 648 956 391 837 899 102 58 144
206 676 848 317 889 914 44 552 160 717
526 88 868 108 443 196 58 209 632 696
310 23 504 342 843 236 850 601 640 87
737 552 215 954 862 20 403 195 333 236
652 440 464 670 736 255 869 969 409 968
648 971 424 552 324 705 395 85 555 172
322 862 662 436 566 389 749 277 956 524
309 218 726 646 240 174 751 991 875 189
652 337 373 956 804 616 213 294 947 775
115 490 141 110 849 609 601 367 399 798
303 85 634 304 818 746 138 191 624 272
551 582 519 253 914 968 442 862 902 967
914 774 551 164 577 699 560 756 278 500
298 716 702 527 447 51 232 220 537 922
112 837 856 455 153 970 843 574 730 353
41 558 374 717 280 74 334 961 932 941
38 437 812 18 509 433 916 346 303 88
448 421 687 349 861 555 905 436 668 354
703 170 315 510 790 818 378 819 405 161
375 218 194 868 743 696 451 772 353 918
482 881 408 365 233 35 277 613 252 648
108 717 219 709 649 51 994 268 966 418
932 598 478 405 380 480 327 339 812 442
347 680 87 975 14 1000 167 206 718 55
10 888 898 820 840 88 917 325 382 836
327 760 237 160 300 675 112 275 196 891
328 327 418 193 594 623 325 379 63 399
32 519 648 528 615 66 564 641 929 656
573 372 388 311 544 490 763 90 840 714
980 550 436 702 490 687 162 377 985 408
342 451 456 510 235 165 523 609 167 192
21 667 890 982 551 246 458 308 745 77
364 137 718 130 953 342 206 558 108 25
390 578 674 913 892 90 840 124 127 878
87 195 553 185 402 149 938 349 665 711
757 699 317 131 56 443 105 611 986 965
607 391 578 390 446 479 549 171 25 178
297 817 935 623 525 462 127 218 595 367
364 644 624 130 709 301 270 574 692 919
86 165 722 549 9 191 133 883 939 69
853 367 598 474 868 947 517 728 669 47
936 207 465 987 278 45 688 694 558 928
803 723 926 65 130 368 922 879 583 564
960 3 153 580 941 617 866 821 146 454
101 497 873 205 979 268 563 137 468 417
635 430 225 198 500 534 760 171 766 211
32 692 46 723 391 119 781 82 717 67
327 333 479 215 312 581 111 424 907 594
686 496 941 589 286 16 321 399 317 388
166 189 356 53 131 535 210 962 114 388
511 848 94 779 70 31 784 744 486 375
434 170 82 862 827 219 555 415 646 275
206 302 807 51 863 847 170 778 98 71
195 582 406 380 430 47 437 637 278 635
431 23 882 619 988 510 344 714 792 548
115 485 363 832 501 819 857 302 11 477
985 630 436 809 943 277 881 918 591 932
700 575 488 603 69 276 729 812 308 571
144 900 717 570 775 111 928 469 268 321
368 733 909 154 677 978 24 920 215 923
715 262 412 52 641 473 407 829 828 427
319 196 560 463 686 195 335 785 437 411
463 875 956 47 495 182 5 720 322 402
622 635 882 200 834 359 460 859 249 976
126 390 748 211 39 366 779 586 236 317
66 244 776 168 756 651 916 665 802 757
780 411 743 116 497 370 930 752 239 26
864 205 525 407 339 674 702 157 881 569
945 320 567 185 952 21 376 743 343 95
13 9 69 752 75 673 561 16 240 629
31 940 466 717 928 837 281 395 661 233
182 59 775 501 954 319 11 85 835 320
399 292 578 305 215 564 378 922 670 621
941 799 315 275 409 124 413 927 17 169
693 734 899 750 759 378 2 914 201 64
656 593 96 934 919 929 721 453 748 598
147 958 784 58 678 568 930 380 284 379
988 260 877 333 544 389 996 699 492 63
299 580 707 617 563 469 733 314 356 903
498 103 259 669 86 847 516 861 576 597
971 308 850 960 148 517 16 367 403 123
728 852 594 945 903 132 233 509 152 268
921 93 707 944 439 498 645 193 754 209
255 365 131 667 777 264 431 632 907 539
597 513 238 790 257 529 845 202 734 755
999 929 907 230 513 417 790 606 782 574
825 143 834 597 86 654 225 876 737 100
382 990 9 732 961 264 75 890 931 109
823 220 335 332 822 493 71 669 732 423
692 7 805 797 845 576 141 227 568 931
671 131 787 943 804 162 421 556 293 347
999 238 390 242 420 917 203 867 5 716
807 193 42 781 273 3 847 401 558 767
203 898 263 230 26 144 790 952 265 228
463 158 786 464 79 95 527 356 528 144
361 889 705 651 479 634 610 443 277 332
759 12 197 394 856 31 895 822 416 592
471 473 909 537 650 256 916 683 610 147
853 645 548 710 546 472 626 365 698 665
675 320 725 583 538 743 476 605 258 476
499 250 883 565 893 984 325 927 248 546
76 15 913 734 185 5 559 761 957 421
788 212 673 671 514 178 931 427 259 1000
913 93 198 663 954 562 553 551 267 639
128 214 41 751 563 427 804 303 15 813
418 943 515 456 987 674 37 972 308 673
676 957 801 890 692 232 733 730 642 936
957 945 734 589 891 41 426 601 875 852
595 624 907 105 584 735 296 197 545 582
534 111 481 578 47 409 626 739 754 364
513 325 158 876 737 653 337 608 843 484
230 514 596 544 863 707 562 671 799 165
870 278 148 519 210 486 506 797 740 564
663 27 655 62 120 807 411 3 552 323
557 665 285 756 932 902 27 530 818 610
11 810 887 799 430 720 647 944 397 34
517 482 846 557 782 343 24 118 885 351
197 183 260 499 413 184 797 731 222 526
312 262 225 815 105 571 733 670 914 780
174 166 34 163 65 3 794 870 300 374
231 775 935 735 649 946 623 452 862 574
236 744 173 41 13 530 334 86 101 844
135 141 679 451 725 416 355 865 257 160
471 128 240 527 471 315 200 591 959 451
439 879 815 938 152 338 249 39 643 666
588 645 435 798 194 528 416 945 211 503
146 64 463 366 437 342 394 178 549 845
420 409 44 35 299 157 713 54 719 427
553 254 954 906 221 668 264 865 783 545
777 485 785 195 434 940 637 553 831 218
768 863 189 640 818 461 682 189 60 670
929 872 427 309 185 359 609 407 715 145
306 235 268 949 601 161 28 593 590 242
479 803 53 467 355 705 21 500 182 158
16 745 125 373 378 244 995 303 956 105
706 146 950 655 810 986 105 183 122 122
299 567 651 730 371 907 536 870 960 637
237 540 101 232 672 962 540 31 703 310
917 289 808 413 227 805 285 11 747 679
170 752 158 84 677 725 450 140 566 671
291 906 938 107 287 740 189 26 198 528
108 388 321 808 11 729 533 335 56 382
841 134 153 473 334 97 295 167 698 911
543 439 690 31 18 452 190 666 277 876
804 765 965 629 673 598 609 722 73 372
533 665 353 966 704 478 730 958 700 228
947 591 418 397 127 361 619 830 903 927
833 141 950 174 454 530 173 659 632 328
706 607 302 487 143 428 816 346 319 293
413 654 681 721 826 527 198 288 384 316
333 594 735 577 856 60 427 38 637 844
649 796 644 790 124 607 266 24 882 642
845 935 541 56 359 701 603 548 785 39
681 563 117 420 896 720 611 27 211 860
698 824 622 208 810 438 616 198 544 513
884 308 774 746 723 782 665 624 314 83
465 241 96 591 609 975 503 586 320 961
104 692 953 126 945 686 158 67 168 787
983 529 562 535 212 242 690 187 567 386
988 840 213 425 824 817 275 678 847 595
772 95 478 601 217 241 644 830 10 103
498 580 402 233 533 956 404 903 771 354
225 710 364 498 962 211 935 483 710 618
614 281 45 969 92 680 742 306 47 470
595 115 727 398 275 911 938 29 657 426
161 165 959 872 950 824 131 247 510 26
724 844 925 910 167 390 490 591 54 115
371 972 779 657 153 638 48 769 186 517
273 265 201 159 759 317 582 469 806 213
28 411 692 959 860 274 180 79 533 983
751 640 766 401 496 65 615 97 848 895
737 916 186 224 70 859 62 346 266 573
402 855 839 702 892 358 883 654 909 830
964 586 427 473 631 209 363 433 780 620
896 440 100 351 648 136 544 681 727 258
203 443 496 750 474 470 108 371 967 855
752 964 375 433 727 591 574 408 286 37
35 228 455 106 343 48 619 408 862 840
612 830 596 885 202 364 59 430 502 704
164 742 935 342 798 439 485 140 237 779
377 673 726 445 349 248 976 624 151 840
14 197 820 886 280 39 289 623 993 839
376 793 550 186 422 7 420 336 277 543
883 895 145 611 59 706 55 668 84 743
468 211 160 820 561 39 79 660 996 127
582 742 307 637 234 813 1000 415 872 289
957 228 383 41 744 580 181 888 66 518
315 325 929 376 473 979 492 868 928 258
328 992 720 38 382 850 924 407 503 222
472 127 145 255 151 360 271 916 969 271
750 1000 516 988 107 993 82 958 952 1
239 805 332 952 816 340 510 663 479 88
848 37 88 155 626 545 309 138 830 688
70 688 208 46 741 742 159 601 891 883
522 467 541 961 770 410 337 624 929 961
673 314 144 529 277 168 752 976 581 944
346 80 491 646 396 860 439 531 570 104
630 710 85 491 944 145 644 731 252 354
530 51 13 447 651 567 922 192 175 33
310 352 797 874 964 613 691 849 438 108
769 363 441 910 665 915 390 472 670 116
347 795 582 908 768 411 79 99 415 245
421 795 505 343 158 680 548 725 672 577
435 61 343 173 188 585 931 174 85 774
805 309 165 665 491 157 743 314 457 893
158 58 105 635 133 733 919 271 535 309
476 933 203 750 840 722 985 998 130 539
228 378 955 452 823 117 893 154 442 196
321 249 779 275 766 556 793 653 216 596
317 379 736 422 32 852 726 363 160 553
268 75 20 628 145 162 228 700 367 978
597 647 5 858 398 435 143 147 677 858
559 804 436 588 102 107 707 685 536 73
783 7 783 318 523 735 489 596 928 765
648 185 514 190 264 4 96 906 877 751
963 423 910 123 141 717 478 260 448 216
841 668 636 459 882 685 639 999 742 882
278 905 711 283 967 653 424 391 145 556
435 967 856 812 186 510 944 803 421 375
713 487 730 754 187 118 881 873 648 29
776 227 23 137 585 92 16 17 250 541
569 200 998 171 671 797 372 371 727 695
309 519 459 316 763 787 712 920 880 18
134 365 670 469 685 148 189 605 561 979
201 734 607 73 649 744 987 1 808 306
285 748 948 718 849 290 786 568 269 616
220 22 527 772 271 409 434 408 455 373
267 735 702 790 901 592 274 69 797 509
192 490 730 322 50 206 944 447 948 844
539 448 769 335 469 984 938 655 555 258
783 291 347 520 51 581 470 835 838 766
954 141 776 351 875 489 818 906 774 534
746 810 673 586 544 648 888 428 691 990
464 673 370 744 255 107 481 405 46 971
557 957 436 138 248 882 23 591 768 292
331 982 552 978 15 55 773 824 933 530
806 385 599 117 255 216 179 119 2 153
974 199 160 614 613 741 632 378 753 213
713 682 773 725 152 192 121 537 805 364
593 238 913 177 657 10 1 748 66 40
68 417 798 113 707 145 916 247 251 392
585 553 867 632 671 203 382 904 690 561
149 2 280 431 597 684 411 520 618 948
48 614 241 211 884 852 333 820 693 3
8 993 392 292 146 282 580 108 445 147
529 202 860 515 413 616 309 730 475 330
539 407 305 830 779 544 522 612 154 538
72 423 636 895 858 130 240 802 240 488
880 359 52 552 841 927 530 686 755 643
576 800 761 523 980 644 171 849 442 547
707 533 157 777 942 787 990 591 165 613
553 935 290 196 4 999 157 251 984 767
127 433 506 555 758 960 470 855 543 83
503 290 581 865 741 155 523 866 244 138
860 561 408 551 697 466 239 537 83 417
80 334 241 509 195 804 730 245 720 790
567 238 927 784 299 660 326 143 831 271
100 211 993 161 536 75 179 166 230 225
542 383 39 730 33 285 17 258 711 938
127 427 781 43 103 577 259 497 671 12
518 639 384 43 619 985 539 216 666 332
696 620 344 320 320 935 691 398 581 50
642 336 436 534 776 76 528 665 332 2
995 476 223 973 23 907 624 634 5 537
603 580 577 830 18 733 53 864 575 376
326 933 25 556 351 471 53 566 297 729
565 213 423 334 140 669 207 165 125 200
474 518 23 744 400 104 919 329 514 713
118 891 672 479 456 81 14 456 414 960
251 539 303 662 469 954 960 882 798 786
488 56 83 914 380 853 935 424 15 90
46 796 158 653 907 765 636 275 625 242
656 10 737 166 978 826 201 70 137 731
725 555 450 576 922 699 199 700 948 288
882 466 402 467 944 475 516 256 501 223
155 297 341 373 740 772 52 405 245 508
573 191 817 501 977 482 989 195 135 76
561 325 279 463 100 218 603 350 458 444
756 811 0 922 106 765 368 231 578 2
721 759 113 567 744 819 514 502 803 335
455 806 47 723 842 912 119 200 418 58
186 462 641 129 592 6 394 998 254 42
422 904 664 672 803 358 222 957 591 373
536 84 931 473 370 596 593 21 796 700
953 425 561 286 683 720 653 526 984 664
921 192 300 847 301 48 712 338 190 762
367 471 522 543 738 909 624 234 129 418
199 523 200 154 713 884 954 200 63 677
670 184 406 451 15 395 15 75 948 9
122 518 947 59 418 377 33 179 373 295
793 250 693 100 348 605 386 206 20 651
483 754 191 895 929 828 53 175 267 26
578 99 223 90 376 297 386 641 427 145
564 868 456 91 500 582 920 545 253 657
348 676 643 460 312 421 481 126 762 941
402 305 807 254 170 129 577 560 325 294
177 873 40 232 594 480 274 967 268 619
425 680 483 644 337 118 402 549 163 268
686 719 198 34 774 811 319 168 776 229
642 898 207 377 630 94 657 886 647 310
735 893 234 754 729 480 948 201 141 871
652 774 805 488 934 110 389 916 683 850
266 34 271 736 761 662 626 592 670 266
247 368 735 593 147 14 696 17 560 852
941 444 929 970 180 919 287 242 953 756
766 780 753 190 598 283 276 836 11 182
983 409 836 950 269 552 5 641 880 535
123 851 494 828 932 319 972 287 773 63
908 503 596 592 131 98 668 309 83 710
757 485 942 100 383 189 48 801 84 442
270 356 83 594 798 485 410 903 629 175
804 502 221 756 383 519 976 348 519 915
732 641 884 297 877 355 841 411 313 793
836 923 71 711 978 486 130 7 331 489
526 606 371 87 820 312 306 622 288 251
467 5 211 653 678 818 938 461 138 513
53 999 202 236 574 641 179 739 636 389
9 559 462 596 207 871 745 754 750 194
308 784 785 640 388 384 496 141 84 852
248 758 612 45 9 288 648 42 147 424
123 968 430 601 309 205 210 300 464 41
380 105 2 943 759 372 341 58 407 562
798 704 874 245 749 334 747 471 296 578
366 308 764 826 202 211 726 448 213 272
355 446 647 906 82 127 385 762 766 138
666 563 361 269 577 267 202 739 735 752
767 931 698 715 284 80 639 465 159 348
667 282 350 181 966 232 53 359 491 483
235 328 884 759 163 956 465 403 505 784
173 875 464 707 297 680 102 165 736 412
713 378 547 470 136 258 93 899 921 771
364 103 825 430 495 464 58 607 184 580
786 315 811 179 170 705 548 590 630 510
889 422 777 958 489 408 442 359 406 111
902 896 671 33 902 596 813 673 976 981
218 811 972 450 296 635 985 42 651 838
953 542 612 156 615 193 41 738 520 414
138 893 627 928 881 699 251 668 830 665
638 79 309 878 150 281 761 622 69 491
646 547 115 944 764 406 812 207 580 18
33 308 318 356 366 802 303 358 589 719
236 910 885 55 641 868 744 628 8 10
945 238 906 732 498 769 503 445 554 556
724 0 892 883 688 438 255 491 791 815
911 800 840 865 715 571 792 950 480 39
455 275 806 353 416 738 949 687 402 317
758 862 855 848 884 454 244 644 43 171
253 480 653 622 211 910 945 303 987 671
431 209 203 869 359 816 785 480 560 722
312 291 438 578 899 743 448 553 208 118
546 571 86 749 139 720 747 196 233 985
848 794 477 358 199 958 400 834 901 78
864 196 180 585 324 535 346 687 43 948
342 65 477 3 638 53 45 10 11 492
554 887 810 124 716 747 353 397 337 318
1 85 419 294 664 791 90 693 946 567
720 357 939 932 418 132 99 236 216 561
254 474 21 323 201 636 285 611 407 358
55 485 944 193 359 469 514 575 460 593
588 365 205 748 773 2 241 79 100 333
619 426 934 526 796 769 345 755 469 269
407 416 989 570 19 54 876 207 501 259
39 712 67 888 968 410 392 591 133 122
220 622 38 550 676 51 316 856 957 186
3 266 574 477 750 224 340 273 517 923
660 829 275 673 576 389 29 702 461 581
19 629 40 693 997 7 58 420 90 955
162 181 227 46 925 790 109 781 750 580
108 581 313 533 534 642 172 901 35 763
267 488 832 270 588 576 545 715 627 109
953 923 67 479 516 758 785 786 820 740
106 684 14 28 482 193 687 543 816 901
929 804 121 307 23 554 591 196 65 45
187 61 81 309 198 454 862 989 603 426
591 252 101 551 853 456 253 993 436 801
557 20 394 295 494 940 927 383 357 466
169 281 349 880 848 225 317 186 931 822
256 605 87 527 581 28 200 306 788 211
224 684 178 186 183 997 972 422 257 624
848 940 683 671 11 827 649 526 472 755
879 156 325 720 946 89 501 416 718 51
980 625 953 655 131 661 162 778 419 261
72 166 215 976 525 893 981 305 254 950
141 589 109 642 1000 262 506 854 982 554
908 743 59 114 524 237 794 323 107 323
128 432 384 184 58 0 381 762 294 986
73 818 633 1000 569 949 913 481 588 811
629 565 666 905 360 640 61 398 855 660
819 240 44 753 21 770 910 616 786 562
868 551 217 142 290 852 165 913 28 581
821 44 366 843 461 485 180 563 934 896
314 709 300 941 706 270 673 314 151 944
555 639 819 915 237 675 258 742 146 867
896 341 470 997 14 997 760 77 730 814
392 183 484 764 32 594 961 200 696 740
103 922 392 888 894 648 278 792 322 874
452 523 85 503 575 443 19 344 173 267
843 838 510 56 340 364 91 425 904 783
640 575 84 38 90 491 55 383 440 379
918 605 839 23 415 111 38 361 162 864
32 901 787 914 848 242 100 932 48 479
800 401 762 60 619 964 189 656 274 62
773 837 578 979 283 411 935 792 737 500
96 349 119 315 871 185 52 641 566 897
562 898 592 93 397 530 864 528 288 627