39 88 70 11 48 81 14 60 32 30
1000
68 62 29 62 95 94 37 46 34 32
80 40 86 77 10 86 22 16 55 99
29 12 94 14 15 65 42 55 65 73
11 73 42 12 21 36 79 90 82 88
31 56 91 52 37 3 78 10 1 5
91 88 34 6 42 30 22 55 41 84
85 66 71 13 68 40 0 32 97 64
88 17 98 39 41 64 50 13 44 80
45 62 17 11 66 84 91 84 7 5
65 42 26 77 33 51 22 17 74 37
67 86 13 96 36 11 40 72 3 88
5 73 51 64 7 23 90 10 61 36
15 9 22 51 62 76 78 16 22 23
25 63 78 25 3 13 95 79 89 66
71 51 76 54 92 48 31 42 52 63
37 46 78 86 25 24 89 12 19 61
32 13 85 6 43 74 85 12 97 4
18 83 31 39 10 36 98 57 62 93
70 2 38 67 25 45 8 43 85 40
14 5 11 73 36 5 72 50 2 34
7 22 32 9 74 61 39 0 38 54
80 53 80 96 22 50 20 52 95 36
0 38 23 97 83 78 35 7 90 29
86 99 73 86 0 48 12 84 81 13
7 79 94 5 76 50 43 45 23 32
88 43 92 71 44 58 77 30 38 4
76 9 45 95 88 99 75 84 54 37
66 91 0 34 18 62 3 77 36 35
12 78 56 63 97 49 60 93 15 56
22 16 31 69 59 73 36 53 55 82
84 23 81 1 48 64 19 77 35 15
10 35 82 87 16 38 18 51 91 74
63 97 71 10 40 19 17 29 93 51
63 31 70 50 2 83 38 85 11 91
85 40 61 79 68 48 24 71 14 82
22 45 76 36 98 35 24 20 96 95
21 30 30 44 19 66 9 58 39 24
48 16 95 62 97 80 69 50 33 93
22 32 1 29 92 50 8 75 29 82
58 24 60 74 66 45 32 9 25 26
6 34 31 42 33 66 24 45 56 61
84 8 73 61 21 86 98 76 89 51
18 13 44 78 70 75 52 49 99 41
95 40 26 28 79 90 94 65 52 40
30 57 39 53 75 84 66 59 85 9
64 67 17 60 75 6 98 73 70 28
85 60 77 91 70 20 58 29 28 1
23 67 30 86 63 67 47 94 70 28
57 96 55 58 49 70 18 4 22 65
53 69 60 62 94 14 57 28 72 21
83 75 89 1 48 2 6 59 20 45
93 74 20 42 95 4 93 59 46 12
25 45 87 40 27 6 12 14 33 94
51 52 7 28 78 90 82 17 92 45
33 46 72 27 73 62 87 30 1 38
64 74 8 86 98 80 71 8 59 30
51 19 39 19 86 27 39 79 1 68
15 51 91 1 73 85 72 60 93 81
64 22 20 20 21 41 48 52 18 48
46 91 88 81 71 68 5 96 76 55
90 17 76 48 43 91 57 11 22 48
23 40 12 47 36 69 57 62 97 3
23 70 40 2 18 0 27 7 21 76
48 42 21 1 88 63 0 38 59 99
42 91 52 47 45 44 42 35 30 72
17 65 0 13 20 25 84 37 38 21
78 20 69 39 81 21 94 12 11 57
52 67 18 94 1 52 11 87 50 5
38 14 39 40 29 27 40 54 51 39
64 90 72 79 9 43 6 66 30 43
42 13 78 33 51 19 92 55 41 21
87 65 83 32 24 25 71 77 51 61
82 81 0 8 85 67 10 28 12 0
56 56 78 66 26 45 15 27 24 67
90 55 97 56 83 22 75 97 4 53
72 56 79 55 42 88 2 2 51 87
97 32 80 95 89 60 88 61 89 71
6 56 13 90 27 94 83 63 69 44
61 10 42 77 65 89 79 41 60 53
45 55 26 30 24 78 79 54 63 84
98 70 15 39 36 76 57 64 9 76
14 3 59 4 8 25 63 81 17 72
6 67 9 68 38 70 26 8 52 91
40 7 97 35 17 18 13 81 77 98
3 1 86 28 30 15 32 18 7 21
34 58 58 94 39 71 40 48 67 48
89 9 71 70 34 90 37 34 53 6
9 20 71 94 85 41 58 80 14 79
91 68 32 45 96 10 23 61 79 83
42 27 14 24 0 51 27 99 72 21
59 72 27 76 5 95 35 5 8 55
17 21 23 64 3 20 59 70 16 72
46 74 0 51 91 85 49 45 12 54
90 43 56 7 30 15 98 46 91 9
86 26 55 60 56 8 10 19 30 73
59 32 90 92 58 92 26 60 72 74
54 83 77 87 24 62 17 82 10 57
76 23 24 90 33 33 4 33 89 62
98 61 4 32 80 42 53 47 89 23
58 72 74 67 24 62 83 75 5 10
22 31 50 16 20 82 3 59 43 31
89 17 94 80 91 81 47 42 31 94
74 89 52 53 87 24 36 88 11 62
24 42 33 77 13 58 53 88 15 15
77 52 73 48 21 93 8 82 80 58
43 22 41 62 75 64 93 4 53 60
52 98 32 45 66 50 3 18 83 52
82 18 66 42 15 96 63 29 8 76
18 19 10 94 87 12 53 95 52 28
28 30 91 40 56 40 94 7 75 4
95 9 10 50 52 91 53 19 24 37
84 58 47 43 88 59 43 78 27 26
5 93 77 59 50 84 91 83 18 63
22 22 51 62 19 45 40 97 33 18
80 26 45 81 26 48 2 81 71 27
62 29 2 49 30 63 53 32 53 81
26 79 26 8 12 44 76 63 52 45
61 88 22 18 82 96 68 63 33 11
26 62 32 66 79 57 84 85 6 73
3 60 84 95 17 7 92 4 63 13
76 94 19 30 78 8 95 96 58 11
9 3 77 56 61 58 67 2 52 35
96 10 83 47 73 8 1 51 64 54
70 59 73 37 67 22 43 84 66 46
13 0 36 15 84 52 56 81 81 12
98 8 64 94 29 61 23 56 74 47
17 36 72 13 99 37 24 84 67 21
88 18 64 57 88 1 29 19 37 84
46 75 92 75 49 85 32 67 29 36
41 49 46 57 7 71 0 31 99 66
26 70 32 89 81 80 90 85 79 26
14 94 41 10 46 50 80 11 74 93
15 54 95 26 95 73 66 40 29 59
6 32 98 73 45 94 63 94 86 13
27 67 48 90 78 73 8 65 8 68
34 69 65 27 67 9 87 70 82 66
67 87 43 86 36 86 51 95 46 95
85 98 4 53 51 57 18 73 5 10
71 96 51 39 92 10 9 13 29 87
85 7 0 61 42 64 96 69 66 95
78 36 22 63 28 7 98 89 45 60
60 5 5 54 72 82 44 16 21 2
7 34 66 43 21 1 56 5 26 43
12 63 91 13 80 26 74 92 41 55
32 2 81 47 14 0 18 43 76 90
2 49 20 66 79 4 47 73 18 32
43 37 13 7 10 9 76 44 96 91
99 92 13 49 43 45 82 26 65 78
44 50 72 55 93 62 65 1 8 60
78 54 6 58 16 51 82 8 85 21
45 10 82 72 96 26 82 87 89 86
48 51 26 37 49 19 55 11 91 9
12 6 62 24 9 75 3 3 34 21
88 93 31 75 63 40 29 11 58 35
12 24 68 38 54 8 94 39 23 16
41 95 21 64 68 47 96 4 75 48
78 29 47 77 99 36 38 32 75 10
62 52 59 44 34 72 76 84 14 94
9 94 52 76 28 76 82 4 98 8
56 43 22 23 45 27 30 90 43 87
68 45 31 5 29 67 63 92 80 37
35 86 61 7 52 22 21 48 39 2
37 99 4 86 5 33 21 27 40 24
41 72 19 35 33 35 54 72 63 5
93 95 73 82 79 43 88 86 98 78
86 4 68 52 93 0 59 47 27 52
88 95 91 22 59 61 86 13 72 85
0 40 11 22 39 30 80 46 82 33
70 40 43 76 42 50 24 12 24 41
71 71 91 33 24 54 96 12 43 83
84 37 67 71 21 91 97 21 37 91
9 30 44 83 1 5 88 1 7 20
2 5 43 62 29 72 33 94 36 74
27 41 66 98 41 90 87 86 26 72
78 70 18 71 87 16 15 57 48 44
63 51 12 33 13 51 15 95 14 46
14 93 28 87 60 19 85 79 33 14
4 21 28 40 66 66 96 87 47 13
73 5 30 40 48 41 80 6 75 9
69 61 53 40 85 81 25 51 12 92
48 57 55 70 62 71 39 82 58 49
15 35 57 96 35 80 45 19 80 16
82 74 54 43 56 97 68 74 87 10
11 35 58 82 43 28 79 8 48 47
51 51 82 69 94 72 37 63 21 76
5 51 97 84 6 53 33 64 91 18
42 80 46 77 76 82 41 7 29 45
30 68 91 79 48 45 17 47 91 80
13 87 46 63 70 21 14 83 98 5
58 70 88 98 27 41 14 21 95 27
49 5 91 68 78 49 76 21 7 12
70 20 72 68 42 40 82 80 4 0
38 19 95 49 97 81 26 36 77 88
50 82 54 27 66 1 55 86 58 18
89 34 13 32 45 6 54 76 90 38
92 58 99 98 71 76 78 41 21 56
66 79 9 55 17 63 8 46 35 51
16 1 90 26 17 95 74 66 66 82
79 43 65 48 6 28 51 75 12 58
33 92 52 28 90 7 78 45 5 69
95 83 95 7 37 59 85 53 91 28
10 18 36 82 69 28 13 78 15 46
20 8 33 54 56 36 48 77 6 11
95 78 81 64 62 4 60 72 54 99
81 72 21 91 26 11 98 31 77 60
86 3 35 42 92 5 50 28 60 91
76 27 38 87 64 62 83 52 1 92
23 6 99 98 88 30 75 35 27 40
51 96 58 60 42 15 66 47 2 4
23 36 81 40 11 94 45 44 14 23
59 96 41 92 7 10 16 6 70 36
51 29 10 27 47 48 67 33 77 53
13 64 75 13 85 52 64 98 94 1
88 55 41 96 47 60 87 73 4 60
9 73 40 94 93 84 47 76 37 87
82 93 32 10 34 16 42 8 78 84
64 84 63 14 78 33 89 83 77 15
53 63 59 30 67 36 23 94 61 24
98 69 33 36 2 17 67 41 67 11
94 64 66 85 59 54 2 46 48 71
34 15 53 75 88 73 30 79 98 37
88 71 89 0 19 86 62 61 46 79
16 60 89 2 65 90 93 5 34 11
74 70 50 85 90 64 71 64 87 0
96 47 42 41 70 66 98 5 28 58
11 39 94 20 94 87 2 19 44 94
52 77 69 4 19 40 91 50 22 2
34 20 43 65 59 66 62 81 42 79
65 62 33 9 88 24 82 17 57 26
37 89 80 32 61 39 49 61 48 96
60 58 40 54 99 84 7 63 63 28
42 16 87 45 99 82 65 5 96 41
93 54 98 16 54 81 98 16 77 40
59 62 1 41 30 91 98 64 34 79
43 53 11 52 38 26 49 36 10 25
57 18 66 9 23 85 73 35 52 33
54 45 32 85 53 92 65 41 58 55
40 60 66 77 68 7 21 79 19 0
42 80 91 91 33 82 66 58 24 78
93 24 58 83 17 45 72 60 10 97
28 86 23 61 10 2 8 89 98 12
88 43 79 10 96 92 53 31 74 59
91 89 30 27 31 29 98 35 7 23
64 39 33 34 67 11 57 58 23 61
62 24 9 94 79 98 45 18 18 7
30 65 25 37 73 14 36 24 22 41
51 0 19 30 25 99 53 0 96 24
77 48 85 87 33 56 76 7 39 66
21 67 16 40 52 35 30 97 9 63
97 73 93 46 95 88 55 85 10 51
17 23 50 82 10 18 18 7 33 21
28 25 47 12 42 54 80 85 18 7
99 53 92 24 16 79 66 81 87 41
79 9 8 75 94 53 88 44 27 7
50 20 97 15 98 46 5 75 84 11
76 88 16 24 47 13 59 1 84 86
18 85 5 22 27 27 51 25 20 20
21 53 5 78 98 73 87 4 12 31
57 31 88 70 67 91 73 35 19 78
60 16 77 24 82 61 36 88 73 69
93 92 24 98 91 86 33 74 45 11
57 52 67 61 17 71 97 71 80 81
33 7 13 14 18 37 71 15 70 90
76 94 90 66 52 92 21 58 7 10
35 89 82 50 35 99 3 62 84 37
57 79 77 15 63 55 39 95 66 57
85 76 72 76 88 30 20 90 42 80
90 3 27 19 60 1 80 30 72 96
5 30 37 80 44 90 99 39 30 27
49 29 72 77 45 92 4 4 35 12
19 84 46 12 79 91 53 30 53 24
82 88 52 51 48 70 59 46 87 8
71 81 73 80 48 69 74 26 59 34
29 3 2 77 78 32 67 98 82 12
77 10 12 84 95 67 69 20 10 14
24 18 44 70 84 90 43 65 61 64
24 27 48 67 54 95 79 85 75 93
63 76 46 75 10 13 55 59 34 10
91 54 74 56 18 71 4 13 40 5
97 17 72 55 55 94 57 99 13 34
59 42 54 72 42 53 74 78 63 54
46 55 95 10 45 79 93 81 85 48
42 13 58 53 35 70 24 26 62 5
30 81 47 30 52 91 93 99 45 55
35 57 82 25 5 14 99 3 22 8
14 54 19 87 34 19 51 60 88 65
15 85 72 76 14 21 81 4 82 1
85 67 3 72 30 8 17 63 15 4
4 38 11 35 93 5 86 95 19 89
57 44 7 90 43 7 36 43 39 25
10 50 4 99 53 49 70 78 44 59
76 0 87 93 88 48 79 61 59 70
28 18 39 17 57 35 59 23 24 69
85 40 1 93 88 55 8 8 94 4
95 66 85 0 25 31 89 1 8 11
1 81 1 72 15 67 18 53 98 89
57 18 6 40 13 32 68 32 60 88
96 98 69 83 75 86 33 2 32 32
13 99 8 78 66 21 37 33 25 81
39 34 24 54 0 39 61 79 67 96
69 56 47 4 67 67 5 91 53 21
23 23 71 6 3 97 1 71 16 2
95 50 92 9 36 1 20 26 0 45
40 42 51 64 88 66 86 43 21 44
63 81 60 77 77 89 0 46 51 88
20 58 85 95 65 83 68 51 74 94
71 91 66 0 74 97 53 60 36 42
87 86 67 2 28 84 58 80 36 72
22 37 17 70 5 9 79 3 16 80
27 11 41 55 59 66 55 38 52 33
87 37 10 40 97 21 85 27 70 44
22 67 14 35 40 95 27 38 36 0
88 30 81 72 3 86 76 34 67 78
65 29 56 84 30 10 5 53 18 25
2 79 29 25 82 10 26 86 91 55
74 67 47 3 49 11 17 2 47 69
11 29 98 5 64 57 80 49 75 89
72 64 0 93 60 0 86 3 76 26
14 33 59 26 76 64 15 36 14 6
58 37 6 12 37 77 88 38 24 28
86 67 13 72 28 48 73 34 27 5
89 11 6 44 78 94 61 5 2 22
39 80 14 1 74 89 90 4 85 37
19 11 59 28 42 46 28 32 89 91
97 8 95 71 21 88 29 29 24 53
67 12 35 82 10 32 49 14 37 6
37 59 92 85 0 61 75 91 78 37
22 38 72 56 44 43 36 33 45 59
44 98 99 32 69 90 92 57 86 15
38 4 55 5 22 42 29 19 53 41
36 98 82 20 58 25 98 88 99 67
76 57 62 7 74 93 99 95 74 79
84 13 58 18 37 62 0 82 78 24
10 47 74 5 53 99 38 3 20 60
87 29 27 33 72 95 65 90 61 10
97 25 49 48 11 32 53 15 46 29
96 27 53 39 48 19 70 96 25 26
55 41 75 20 39 39 66 94 21 72
85 98 93 9 13 1 93 62 1 99
68 28 69 86 20 69 3 65 9 27
6 44 77 28 28 20 76 51 8 55
19 18 63 39 88 42 36 20 62 27
31 7 20 79 12 7 86 42 96 30
15 56 78 30 6 33 14 4 73 39
16 42 25 38 26 60 20 42 23 94
58 33 5 45 22 8 69 4 96 28
33 63 92 49 83 88 81 85 77 37
3 46 69 33 91 17 69 87 73 44
86 50 47 14 58 5 13 81 10 37
54 82 64 3 58 80 9 56 3 88
20 29 56 6 59 13 73 77 92 55
47 70 98 89 52 87 27 81 69 49
94 94 59 17 35 77 93 88 92 98
57 32 74 9 8 48 24 61 32 32
25 11 23 32 44 26 69 46 35 27
2 46 86 30 25 89 52 19 0 18
65 75 90 32 68 16 75 19 60 42
73 77 70 27 0 7 38 12 13 73
23 25 69 61 55 60 99 33 89 30
43 93 5 88 81 72 33 17 25 65
2 28 9 25 49 32 83 10 43 32
69 51 47 52 67 89 46 5 50 64
57 43 24 93 47 10 8 80 87 14
84 42 74 31 88 11 20 47 18 55
7 58 6 44 64 30 68 69 87 34
36 5 21 82 50 35 33 3 68 28
63 98 9 5 49 66 26 57 69 6
13 3 78 66 30 56 60 44 12 81
64 51 17 90 87 91 96 4 34 77
77 8 41 20 85 57 75 35 32 31
66 60 82 89 92 12 91 48 59 93
73 93 2 88 92 4 42 54 7 3
3 58 9 17 29 99 74 68 0 7
32 29 64 53 57 67 81 37 59 23
43 13 69 13 75 36 66 74 31 41
45 12 88 48 82 80 89 96 80 15
84 1 98 91 12 62 23 74 46 73
88 89 4 80 72 25 92 84 72 12
97 44 66 39 41 8 71 32 35 63
98 80 19 52 14 40 62 82 91 24
72 18 28 39 67 36 55 52 8 84
40 85 94 20 16 70 79 28 40 81
76 30 47 37 54 99 98 38 82 7
19 30 46 74 8 13 25 92 17 2
90 27 14 77 38 55 24 3 50 39
4 49 5 19 37 33 65 91 62 69
99 70 54 81 34 75 10 53 15 54
90 20 5 14 45 86 84 41 54 5
73 7 48 40 1 59 8 40 80 48
36 4 63 62 55 33 44 12 3 0
10 16 78 52 19 48 93 6 70 98
75 36 8 25 87 39 78 74 22 10
37 98 35 37 6 75 96 10 7 70
76 31 79 38 35 63 63 14 35 71
98 23 12 36 5 79 11 13 77 96
30 85 42 31 17 34 62 50 92 2
45 25 87 99 63 33 53 48 54 76
74 88 57 60 71 62 69 47 88 75
64 98 10 57 50 91 84 4 33 80
79 87 63 17 85 57 73 79 24 95
35 96 66 12 18 37 51 70 0 82
45 95 45 21 80 16 73 85 89 54
19 14 67 49 44 42 11 53 33 99
25 56 66 35 12 81 74 20 52 71
46 19 95 58 3 28 73 44 43 95
24 87 93 77 23 22 26 2 31 54
31 2 50 87 42 91 48 57 97 62
32 49 3 0 30 33 33 8 53 80
62 63 70 80 52 91 2 17 43 7
64 6 97 97 68 51 82 99 74 6
6 63 34 35 76 56 4 25 97 91
21 61 8 20 65 55 66 47 10 81
69 17 5 6 37 79 41 14 94 69
39 81 31 70 69 40 94 51 52 82
83 61 15 23 2 85 22 68 18 48
35 56 0 96 27 17 81 68 42 24
28 37 22 39 8 6 83 59 0 9
26 73 44 51 95 77 40 65 76 41
17 33 59 91 89 60 50 33 6 2
81 28 51 50 8 10 21 36 63 53
29 21 34 76 63 45 19 31 60 90
4 33 54 13 53 54 86 48 55 86
46 37 46 2 25 84 99 93 61 32
10 35 4 46 65 81 81 60 89 5
5 85 32 83 36 15 34 81 13 38
24 29 5 29 94 98 71 18 88 58
69 99 55 29 51 34 52 1 2 71
96 1 35 92 66 71 19 17 73 83
27 45 92 47 67 5 93 36 20 10
90 94 89 19 53 1 82 34 69 83
73 97 93 23 67 35 71 69 8 7
75 14 60 31 50 90 74 11 59 22
30 80 20 69 72 61 65 52 15 48
81 48 51 99 26 41 19 24 9 54
42 34 21 56 35 19 91 34 75 99
54 55 80 76 48 93 35 82 43 12
99 96 38 39 87 41 77 48 58 15
4 21 12 46 74 0 38 3 46 95
94 62 44 59 23 82 76 57 0 2
17 7 34 42 52 64 85 38 46 63
79 7 94 13 40 68 39 64 10 82
33 16 18 74 46 28 29 62 49 90
24 51 22 62 4 54 56 83 90 87
0 33 16 19 45 95 48 83 15 18
90 1 87 75 23 76 23 86 83 13
2 22 46 23 57 17 70 60 52 94
29 64 15 55 19 93 30 15 81 12
15 6 58 6 26 86 39 69 52 33
44 56 21 68 13 64 29 6 31 49
11 90 2 13 1 57 14 11 83 11
37 57 74 22 38 73 71 51 41 37
43 0 94 34 89 9 95 21 23 74
52 21 23 75 64 14 54 20 40 96
62 90 75 31 71 55 56 88 56 66
33 3 28 78 53 42 96 18 19 12
48 82 86 43 39 69 47 91 73 72
85 25 19 40 50 53 96 64 37 40
53 16 16 30 11 90 63 33 52 71
99 68 3 72 84 82 61 91 73 77
24 39 41 40 6 57 95 77 66 4
93 26 76 76 37 70 67 15 39 26
44 90 25 76 26 94 66 90 46 12
23 77 85 42 74 56 52 27 30 55
92 98 55 17 11 49 76 14 64 67
15 79 44 78 94 0 91 98 69 90
67 50 17 47 36 36 35 71 52 35
70 26 15 72 88 12 89 87 74 36
45 82 6 91 24 89 34 78 63 65
32 58 14 49 10 28 95 3 56 20
51 99 14 88 57 65 28 14 87 97
36 68 33 5 98 54 49 84 26 14
38 11 5 7 26 0 22 79 75 34
60 33 40 41 29 42 31 79 60 5
1 56 95 99 86 34 75 23 30 84
27 44 60 71 39 89 11 55 13 17
69 50 3 48 82 59 2 74 35 62
35 3 80 70 46 40 6 77 73 23
27 16 18 41 26 91 9 91 74 12
82 98 17 56 96 83 25 98 66 60
64 39 80 80 23 84 3 51 17 3
33 92 99 79 1 49 65 78 77 37
39 45 9 40 79 25 44 84 18 61
93 7 65 74 23 55 53 60 61 64
13 40 65 97 89 91 4 65 73 14
27 51 17 99 49 82 77 32 64 37
99 17 60 53 41 90 40 14 47 42
9 41 80 66 30 20 56 43 11 69
46 7 39 55 93 70 26 97 26 48
55 65 59 11 30 92 94 80 38 33
37 98 26 10 97 4 88 83 18 16
54 86 47 80 69 85 5 8 95 78
85 62 52 27 7 65 54 92 65 21
56 79 16 26 43 89 50 3 33 6
13 77 16 77 65 40 18 18 33 97
42 84 64 14 82 54 9 85 11 12
51 55 71 49 16 95 79 76 61 78
52 78 45 17 94 64 79 90 15 98
90 90 96 92 19 61 83 0 97 87
35 16 17 46 2 24 54 40 29 1
44 5 62 40 45 25 80 36 25 68
46 21 1 48 27 80 5 92 87 88
36 54 73 8 5 79 32 5 26 23
98 14 21 99 21 85 55 28 52 18
8 35 25 38 83 19 40 48 14 41
53 93 2 60 52 88 66 82 43 73
79 96 55 67 56 87 19 19 85 83
71 47 8 62 5 14 97 98 21 95
58 54 49 7 30 48 38 76 45 8
26 11 72 21 29 85 65 83 44 29
0 34 30 23 53 25 78 26 94 69
1 51 87 18 17 63 36 65 11 61
42 87 89 63 37 77 84 68 78 86
44 43 45 43 48 44 44 32 54 61
38 38 56 1 70 43 26 3 70 29
86 64 77 71 27 96 57 31 35 71
77 83 42 71 79 57 2 48 59 85
52 98 30 60 74 35 62 78 43 62
40 33 61 6 37 44 73 45 45 18
54 32 80 10 39 66 9 90 83 7
0 47 74 12 37 55 41 55 17 26
15 85 28 99 28 28 44 72 9 27
94 10 15 99 78 60 71 52 68 84
1 82 20 50 93 89 0 91 12 42
80 92 71 48 90 52 14 7 68 77
40 39 21 85 63 66 89 11 6 21
34 69 6 82 56 46 10 0 69 25
74 19 41 91 45 50 12 50 15 69
58 9 31 45 38 56 58 1 28 40
50 41 11 66 80 14 94 34 99 15
3 84 14 4 72 74 9 81 36 17
20 39 97 86 81 7 3 58 82 46
34 84 70 74 56 75 94 18 3 14
67 92 44 80 71 37 32 21 82 10
86 17 0 47 95 50 45 86 74 55
6 38 16 4 77 70 14 37 86 5
38 61 46 32 19 22 28 94 46 39
90 20 63 6 72 20 2 72 40 36
40 40 29 37 71 29 94 48 62 81
33 14 91 37 81 9 97 80 51 84
78 3 3 26 97 31 19 96 36 12
54 65 26 89 52 41 83 37 87 93
72 99 45 72 3 17 93 67 54 77
62 81 30 86 84 67 85 69 75 8
3 76 57 67 2 45 18 86 37 80
57 35 98 33 68 81 20 56 80 15
84 93 48 88 12 16 42 44 70 72
30 3 94 32 35 63 74 86 23 3
46 15 93 30 7 42 58 60 88 49
27 36 59 76 33 23 51 79 15 60
93 18 45 89 99 79 18 11 18 1
99 51 17 75 74 77 57 29 76 83
21 6 77 48 4 63 30 72 61 1
32 46 88 31 69 44 90 99 95 38
83 55 54 68 7 62 66 84 67 3
52 35 0 29 86 33 84 3 73 85
18 19 54 63 68 3 56 54 58 12
40 77 50 44 31 13 51 33 84 52
6 35 64 73 56 3 14 93 63 46
2 25 51 63 62 36 33 86 93 12
45 62 28 1 15 39 97 86 9 66
78 33 57 87 53 49 25 76 90 24
37 86 59 9 69 26 86 38 78 18
93 73 60 81 44 99 91 88 80 4
22 52 27 47 6 81 73 8 93 88
57 84 0 81 68 98 89 85 9 61
41 47 70 78 84 85 28 79 3 66
85 74 12 4 25 29 68 86 28 86
43 24 68 12 56 47 72 51 36 97
38 72 29 97 14 89 56 74 30 50
60 20 15 99 90 4 25 89 35 70
73 14 85 90 31 62 51 47 95 67
85 40 23 89 60 74 98 66 36 42
76 72 19 46 32 79 30 2 66 53
34 10 41 60 42 71 42 38 94 11
49 80 39 13 26 50 96 58 10 12
64 12 35 41 69 88 29 62 19 56
53 70 63 59 40 5 55 82 25 23
15 92 49 30 62 98 27 3 33 2
92 54 48 24 18 76 96 25 43 36
94 15 69 55 18 7 98 12 3 40
21 37 1 83 38 82 67 32 73 46
72 53 5 4 19 49 88 11 19 2
26 12 4 31 88 43 7 34 12 78
39 10 58 44 34 28 66 69 43 60
66 0 5 54 66 23 39 61 85 51
2 15 47 95 12 66 30 49 80 17
49 94 77 25 26 14 27 94 84 29
25 17 42 20 19 42 50 63 28 7
97 71 4 35 54 66 65 68 25 58
52 49 10 8 6 45 5 11 59 95
78 14 57 8 81 46 76 88 43 99
53 9 34 52 89 65 11 95 83 95
87 37 93 67 48 29 77 81 91 70
99 74 99 76 38 39 12 29 2 78
17 31 30 4 0 95 57 38 25 22
76 32 19 93 68 70 95 39 78 15
32 99 3 90 73 93 0 41 71 12
5 42 63 67 16 43 0 32 36 16
71 1 65 40 52 36 98 47 94 5
27 24 95 1 15 9 2 2 69 63
25 13 76 79 45 68 55 93 34 3
11 36 50 80 94 17 60 20 9 95
83 26 78 18 0 88 26 9 53 2
76 98 99 39 10 19 61 48 12 37
1 6 7 84 3 99 38 75 75 17
83 17 89 4 46 34 0 45 97 52
15 60 24 66 55 9 19 26 4 72
79 50 27 66 44 7 65 31 93 79
91 61 35 79 85 45 8 59 70 80
29 66 54 56 15 75 23 56 70 6
86 56 18 75 51 33 66 88 4 12
10 95 55 90 17 73 46 48 66 82
92 86 60 10 57 66 47 89 47 98
97 34 47 37 33 13 65 32 69 60
22 1 3 5 69 81 1 1 62 97
46 18 75 39 10 90 23 93 90 6
49 65 58 41 71 10 49 56 43 60
9 9 5 60 38 2 77 68 95 29
63 55 54 25 33 41 55 26 88 66
26 62 24 91 57 16 47 98 25 39
55 29 14 3 47 98 89 12 49 66
1 71 48 44 13 5 11 79 56 99
73 46 86 9 64 79 48 91 53 80
32 75 74 61 40 61 13 76 74 26
64 34 80 23 88 71 42 74 84 71
30 5 22 77 44 80 71 67 40 96
16 28 17 71 54 29 57 62 23 77
78 75 67 17 45 14 85 12 10 45
6 15 56 60 39 66 79 95 14 2
16 18 48 2 66 79 1 15 79 27
24 56 53 52 98 25 70 0 54 9
27 18 25 64 86 47 88 90 53 7
6 66 9 29 34 85 1 60 78 81
58 58 45 96 5 31 62 62 95 46
98 27 67 85 3 68 40 57 60 95
34 72 52 58 77 5 12 59 4 84
38 46 13 24 38 55 69 71 20 73
74 14 42 22 9 47 73 15 45 89
76 2 84 90 73 37 99 19 13 40
99 63 71 91 19 37 96 15 21 20
17 18 91 46 6 66 89 56 52 98
33 12 11 48 31 96 32 99 54 32
33 2 4 64 78 71 39 35 94 65
50 6 70 31 24 35 2 80 95 71
71 70 16 61 84 87 53 82 50 12
9 45 91 3 62 20 90 45 23 79
75 93 86 71 39 10 89 86 20 48
45 76 58 60 48 73 94 84 4 16
84 11 82 3 44 53 18 90 45 68
58 28 13 69 8 4 30 88 26 10
14 19 5 87 96 79 10 45 88 12
82 37 80 22 33 90 64 47 48 8
43 60 84 45 60 60 76 37 81 23
67 89 87 1 91 86 64 31 90 46
41 37 96 31 54 28 91 26 11 88
63 78 32 14 64 1 60 23 21 3
35 58 7 35 52 39 94 56 4 70
23 61 87 58 39 59 59 74 96 79
6 54 69 50 20 70 36 65 46 15
7 50 27 48 46 35 98 86 61 17
77 30 97 67 12 84 53 38 22 46
25 29 97 83 7 12 2 16 82 90
39 5 49 50 85 6 47 25 98 4
11 51 19 91 85 83 43 89 55 38
97 71 29 3 6 24 66 55 97 96
85 24 46 1 57 23 51 62 42 67
93 88 64 7 34 98 29 84 50 87
99 34 57 50 67 58 22 34 94 4
67 16 75 55 0 18 47 24 5 2
34 76 37 40 45 62 27 20 82 7
82 19 66 54 40 26 6 30 37 31
61 6 51 15 11 94 77 10 5 0
15 70 96 71 73 15 72 50 93 32
9 55 26 41 5 55 60 14 42 15
19 36 27 21 38 83 53 32 50 41
22 15 95 45 94 15 2 5 74 99
22 5 68 31 65 80 65 13 2 65
32 60 33 11 56 89 33 59 9 76
98 91 10 96 9 85 20 59 77 45
94 26 67 15 32 8 17 29 41 98
65 8 8 89 4 0 70 44 39 33
49 34 1 38 46 14 8 86 30 48
29 43 74 58 10 91 52 44 54 98
55 39 48 63 45 52 54 87 92 58
6 45 35 47 44 17 91 39 2 31
20 98 22 49 30 40 19 36 49 41
31 22 79 5 89 88 79 12 36 32
47 29 95 76 70 96 83 22 73 53
30 47 97 12 97 36 91 37 98 9
72 13 7 56 52 51 4 37 60 9
90 69 2 1 13 23 66 0 30 40
56 79 48 43 4 92 28 87 82 57
73 56 39 13 19 29 10 90 96 68
67 69 5 99 0 14 12 91 40 50
95 60 39 7 98 32 30 20 47 70
76 65 9 69 95 0 51 65 48 70
59 73 28 44 97 35 97 96 18 63
7 58 89 77 86 91 55 95 50 0
9 78 43 14 33 46 71 58 86 29
87 40 57 75 17 71 5 71 72 40
34 49 57 60 86 81 99 50 96 77
85 94 47 11 16 40 30 42 98 37
94 14 81 36 27 31 57 31 45 31
34 68 79 67 47 45 89 47 37 77
5 59 34 31 0 15 52 38 36 90
39 90 61 76 53 56 75 46 16 16
41 32 44 71 1 53 67 43 32 0
57 60 7 35 56 1 79 67 95 10
6 93 41 6 29 72 27 29 38 59
29 27 92 75 15 29 46 67 85 96
83 3 84 34 38 67 10 14 61 42
92 40 61 53 97 10 47 75 67 51
40 5 12 22 15 68 98 3 6 68
91 25 40 25 50 67 15 6 72 57
47 25 88 42 76 13 40 35 49 60
93 44 18 33 54 38 47 14 69 25
17 51 6 51 50 75 34 49 6 70
4 1 7 74 74 96 68 37 55 24
6 90 36 52 89 99 7 48 54 23
89 0 68 68 0 54 40 12 20 85
60 42 40 96 26 38 70 86 66 22
44 8 36 92 63 29 83 58 90 52
90 12 9 42 38 75 10 89 96 95
50 51 70 76 74 59 6 21 5 2
44 23 97 22 25 37 28 90 13 72
64 56 57 49 53 21 55 26 43 86
34 28 43 34 83 4 80 47 18 15
89 66 85 28 79 24 56 6 43 17
37 34 51 36 72 63 79 56 44 69
45 22 54 37 82 94 50 87 76 93
92 93 34 27 59 6 25 21 26 95
64 61 38 80 33 10 61 24 49 68
37 49 13 19 25 58 70 56 80 95
17 53 83 77 88 88 67 34 51 79
51 46 85 88 17 2 77 44 1 60
85 38 48 17 42 66 11 53 34 89
82 77 62 15 0 35 15 52 38 98
34 51 81 71 78 80 22 86 91 41
75 55 71 11 46 9 46 49 58 81
74 27 56 13 12 62 23 63 97 29
76 21 46 9 16 93 64 86 76 92
46 32 56 12 62 77 70 65 24 12
5 14 25 2 16 95 34 96 50 41
15 85 72 48 11 18 6 41 85 55
44 89 42 23 61 1 26 64 66 75
86 5 28 98 69 44 4 87 86 94
50 0 37 51 30 48 39 7 15 11
72 30 68 76 50 27 67 37 73 29
72 61 23 77 75 26 20 27 9 69
94 94 15 17 27 93 61 27 29 67
52 43 42 16 56 3 39 62 86 68
85 90 87 98 18 14 32 92 22 78
74 76 28 56 76 74 87 50 70 51
82 81 21 54 43 33 79 9 47 20
17 25 44 91 14 38 38 7 24 95
6 11 37 40 67 34 63 53 2 82
89 69 71 48 14 35 34 93 64 9
15 95 43 51 54 2 56 69 91 69
32 65 78 52 37 16 93 49 89 60
97 68 14 93 43 52 49 73 21 13
23 9 40 73 43 3 74 87 2 29
9 25 66 52 95 21 1 72 83 64
45 32 68 9 33 11 48 4 4 5
49 33 4 15 72 61 76 17 73 46
38 3 85 44 51 97 68 15 84 28
28 61 24 78 55 49 33 75 96 96
34 6 83 13 69 19 46 94 94 62
64 84 15 73 80 18 36 58 2 87
61 29 57 6 63 45 43 27 14 54
54 15 42 45 17 72 35 28 40 25
13 54 8 13 54 22 8 46 59 97
65 93 82 78 32 95 83 80 90 15
66 83 61 54 82 68 53 53 57 22
45 57 45 20 47 88 26 57 5 63
11 16 18 10 41 55 24 57 5 31
19 82 19 9 65 24 83 76 70 42
65 79 54 35 68 23 36 84 4 75
5 9 82 48 75 8 38 97 29 75
7 83 53 13 76 23 10 39 8 54
61 45 4 52 74 0 7 67 74 88
7 66 60 67 88 74 8 9 10 84
47 28 48 48 45 51 59 96 6 15
9 3 40 59 81 47 67 14 50 55
68 71 44 70 50 8 58 14 53 53
19 5 30 47 13 37 60 46 12 64
83 57 21 34 21 17 17 49 84 45
67 22 96 34 71 59 43 43 80 82
56 36 20 46 56 40 30 66 5 88
77 72 32 53 81 65 21 40 61 58
16 9 38 28 26 15 1 40 11 98
85 26 34 77 48 8 53 26 46 46
4 9 66 17 54 55 9 99 32 11
88 64 23 47 2 17 31 98 58 84
84 2 25 23 32 76 55 40 89 32
11 40 94 89 23 84 90 93 33 25
82 0 20 27 16 68 77 61 80 82
9 67 68 96 72 90 25 77 50 51
43 92 79 77 65 36 8 11 4 81
54 42 91 76 16 86 16 87 29 73
24 77 88 38 35 10 15 90 8 94
12 1 56 24 13 0 7 60 74 49
18 54 92 74 23 6 81 24 65 17
14 45 96 30 78 20 74 2 27 93
75 45 54 46 73 3 80 4 81 73
65 4 29 45 35 15 64 31 4 55
38 22 84 5 58 35 49 86 57 32
7 97 86 13 23 55 43 10 27 76
65 23 6 35 9 17 38 85 99 15
51 74 60 30 44 22 8 89 27 92
80 53 13 89 97 95 89 67 88 28
60 27 36 51 63 97 96 92 95 78
69 13 77 7 73 59 93 35 88 51
41 47 61 18 44 37 50 32 6 37
20 98 79 66 53 1 12 24 2 74
23 17 34 14 7 70 17 18 41 53
13 34 79 11 74 3 31 93 92 4
8 92 34 20 40 5 55 31 65 38
17 67 71 87 58 77 52 78 41 69
57 65 21 88 7 76 33 95 59 20
42 12 63 97 48 96 34 25 70 26
3 95 68 31 75 21 10 24 79 55
40 21 91 69 32 87 72 52 33 54
90 36 37 89 25 86 69 31 15 85
16 18 17 17 66 86 95 24 40 36
54 82 30 86 82 23 21 22 77 65
78 83 2 59 40 88 19 91 9 79
35 95 83 10 5 61 22 6 93 41
99 72 36 15 25 69 67 90 57 56
30 91 84 43 87 71 20 33 83 11
50 12 41 39 67 52 63 34 60 16
87 41 40 74 35 26 70 23 57 6
78 43 34 18 26 29 90 66 48 3
2 93 78 98 13 58 71 20 37 80
82 75 81 3 70 20 64 54 90 36
8 3 82 85 84 72 66 60 57 74
70 0 91 31 30 45 89 85 43 96
20 77 31 84 52 89 10 84 1 96
11 0 37 89 27 87 38 50 62 69
43 7 93 1 84 32 90 30 52 28
72 77 25 42 38 66 51 95 94 93
96 21 77 38 26 76 36 2 96 88
21 20 12 68 82 39 13 0 30 45
31 50 59 96 2 36 88 28 66 7
27 84 70 7 20 86 20 13 4 65
23 78 45 84 10 86 61 53 19 23
2 58 61 23 8 99 76 51 33 48
5 39 89 24 87 2 40 42 68 33
9 90 45 56 52 48 57 3 64 84
69 52 25 75 24 22 36 34 51 10
46 74 43 90 40 40 54 35 92 56
62 75 2 35 75 20 99 90 57 7
7 37 97 12 23 15 92 24 63 28
62 56 81 32 60 13 16 33 35 98
56 3 4 72 67 96 46 1 59 57
39 20 58 19 10 75 61 89 27 24
0 87 19 7 70 68 47 47 50 32
76 12 72 8 20 19 39 92 37 26
9 42 27 10 89 1 94 16 5 37
93 57 1 56 17 0 39 2 85 83
63 94 84 51 7 69 51 4 27 46
5 58 77 65 52 30 90 1 31 64
22 28 57 58 66 44 37 58 11 13
15 48 53 97 60 45 32 30 77 20
24 22 7 22 86 8 4 80 19 1
6 39 59 7 62 19 25 25 85 5
31 2 15 85 55 89 30 43 0 37
13 31 11 19 44 19 84 33 64 83
71 94 33 18 51 93 80 32 77 85
40 76 25 68 26 27 89 51 61 2
45 87 12 7 39 34 99 88 77 86
7 89 92 74 52 88 44 81 66 78
81 6 82 41 10 79 61 74 83 11
24 60 53 12 90 64 77 87 70 49
25 70 60 23 64 53 85 8 74 18
4 76 39 97 3 72 10 46 94 70
28 39 23 6 72 12 21 55 72 10
3 11 66 87 22 67 68 89 8 19
48 26 84 26 31 64 22 2 80 23
87 55 20 41 83 95 40 42 23 40
91 88 10 89 13 5 31 73 86 16
6 12 77 23 12 94 40 93 36 60
67 53 45 54 26 38 89 16 6 55
55 3 25 86 28 1 89 45 60 48
68 6 1 43 60 48 71 58 71 79
39 17 40 52 51 2 38 32 42 71
8 63 6 2 7 32 68 11 83 47
55 1 91 94 92 16 36 3 48 73
69 54 17 0 36 4 80 38 75 49
36 15 93 76 11 54 60 78 28 16
60 10 88 21 89 13 67 86 62 4
29 72 64 55 41 55 85 15 80 42
10 84 95 14 83 24 99 44 2 41
15 93 69 68 56 69 33 89 13 81
83 19 95 83 18 41 31 40 0 38
37 57 17 29 19 89 82 76 89 81
63 66 63 43 52 61 0 1 81 89
53 19 81 55 48 77 63 26 73 98
93 27 39 33 50 69 8 53 41 31
4 25 98 44 38 54 25 42 73 92
84 22 54 65 72 59 8 20 24 36
84 58 57 35 95 19 0 67 29 49
12 55 30 95 4 9 90 37 60 29
45 42 92 7 27 2 85 68 25 5
19 44 73 41 62 12 81 23 94 76
85 80 95 47 8 11 68 39 29 36
88 50 90 21 13 13 73 6 66 82
24 3 25 7 43 4 14 71 40 96
35 55 24 53 30 45 3 95 90 25
92 70 70 45 14 14 37 17 92 58
49 46 72 8 30 1 14 43 90 16
33 1 90 20 78 30 95 29 60 90
53 12 15 15 71 89 45 64 4 13
58 1 21 78 81 5 28 87 58 31
79 34 24 7 59 10 20 0 78 18
42 36 43 43 14 7 72 67 52 33
87 24 32 63 91 5 94 43 84 31
48 2 51 48 72 14 58 8 76 28
57 97 48 56 50 56 17 61 67 92
23 45 90 77 7 16 81 13 88 66
71 60 50 55 32 89 50 21 59 44
7 47 63 79 9 77 74 25 76 56
66 12 14 87 24 94 67 49 15 9
7 10 85 78 69 90 79 75 80 67
55 55 67 22 66 38 83 17 42 79
22 77 79 9 57 10 11 78 85 67
19 88 59 6 93 37 39 37 24 62
69 13 78 39 40 78 55 15 66 57
95 25 87 22 67 42 43 7 55 96
88 31 42 31 2 49 48 80 97 93
65 14 48 34 48 31 17 26 35 81
89 36 87 3 0 0 48 52 26 55
75 57 83 8 57 72 54 60 50 34
42 68 18 46 75 0 81 77 35 57
24 98 60 71 30 59 71 80 47 93
49 84 35 75 26 11 46 42 40 82
61 84 46 90 13 62 86 41 15 30
82 83 98 90 15 37 76 2 64 18
51 23 16 90 11 79 61 68 11 77
32 57 41 56 52 47 52 36 92 64
87 48 35 17 79 70 94 9 11 63
68 81 18 44 62 63 17 79 70 24
0 74 71 57 62 17 48 20 87 51
39 77 50 14 31 43 2 91 47 73
56 10 88 92 28 58 97 12 84 73
36 1 62 35 96 21 9 91 27 92
1 53 56 63 29 70 17 55 6 30
19 90 28 34 67 22 38 13 99 27
51 66 15 91 45 12 0 17 17 11
89 73 7 50 60 60 95 53 11 88
28 47 60 42 55 34 11 87 60 49
60 71 84 38 83 87 6 96 31 39
20 20 22 56 13 49 97 64 41 92
89 76 90 75 13 73 28 21 28 84
63 90 29 26 10 76 45 81 32 69
60 0 11 59 98 61 63 65 12 9
74 63 41 42 46 60 23 59 1 30
5 75 91 73 73 93 89 71 39 59
73 74 29 4 7 41 92 60 61 32
88 61 42 55 89 5 5 86 3 17
25 83 49 85 35 95 62 24 37 87
42 77 17 90 84 55 29 36 93 38
2 50 51 60 84 65 79 21 77 58
71 93 25 29 72 4 65 31 71 75
36 63 65 83 68 29 62 69 60 13
85 85 73 74 15 44 92 0 52 7
44 13 21 45 77 75 62 78 75 5
6 62 83 88 74 81 30 82 37 12
35 68 89 13 14 21 20 8 32 46
91 65 39 80 53 40 34 96 85 66
53 15 83 87 30 75 68 21 95 88
97 37 18 75 98 90 60 78 36 99
28 8 44 87 57 14 34 23 78 48
39 56 78 72 24 22 51 90 49 59
76 37 65 4 17 78 30 51 2 28
41 92 59 65 78 73 58 40 56 3
32 14 4 44 41 64 34 24 3 99
89 50 75 31 92 14 34 57 96 22
37 54 14 58 48 85 28 20 40 8
38 23 41 56 46 62 46 57 21 49
46 49 35 47 33 58 90 9 4 58
60 18 9 8 59 57 21 50 48 75
38 45 34 84 0 11 31 5 72 52
33 60 47 46 40 64 95 44 96 8
14 46 55 0 57 19 63 22 49 56
82 60 23 75 19 56 6 32 28 95
1 39 39 90 49 33 37 89 15 13
17 38 68 71 89 8 37 77 59 1
19 43 35 43 12 48 0 5 64 1
66 27 34 33 36 18 18 96 82 36
43 20 80 79 80 18 32 80 89 85
68 60 31 16 17 5 13 27 39 26
34 82 84 5 90 2 4 91 61 65
4 42 22 30 74 87 62 41 0 78
88 63 36 63 12 82 12 74 89 59
37 53 30 47 45 36 63 88 99 67
6 82 94 31 38 92 47 78 91 4
17 76 21 76 67 59 8 79 2 45
20 3 52 43 68 55 88 53 50 27
30 27 6 6 36 76 53 6 19 25
95 46 95 68 93 67 39 36 84 33