86 84 75 47 65 70 98 58 64 30
500
27 69 88 15 25 26 22 18 76 42
46 84 1 69 5 80 51 15 83 55
94 73 51 2 54 23 36 17 44 64
10 88 34 51 10 83 25 82 0 55
57 67 97 39 78 65 30 40 98 56
78 54 31 43 2 27 60 18 76 29
19 28 90 49 66 27 54 48 46 50
17 9 85 36 46 14 67 46 1 19
69 21 24 10 50 87 41 48 45 53
18 79 48 76 90 36 21 42 43 4
73 65 8 53 65 12 57 43 85 53
5 2 44 77 41 17 45 60 10 8
16 77 83 61 71 73 47 49 5 96
19 56 31 14 37 9 30 72 61 64
85 79 80 80 17 30 32 97 61 38
24 75 91 0 39 18 79 47 70 20
68 49 41 13 55 62 11 55 89 47
59 19 68 84 20 53 1 14 18 14
59 15 52 96 2 30 78 51 79 99
35 32 89 62 88 86 16 67 15 90
26 97 36 34 74 29 71 46 37 64
77 36 60 33 64 95 21 92 90 33
2 48 2 69 21 28 56 42 59 39
89 58 87 73 40 58 17 99 43 59
61 3 69 97 60 29 71 63 36 71
51 36 7 16 0 19 51 33 13 26
97 30 95 88 87 83 38 82 97 68
64 41 29 3 0 3 38 85 85 82
9 13 93 13 88 35 22 57 15 15
32 6 2 51 92 18 75 47 46 35
97 80 29 94 67 36 29 91 46 13
42 13 29 52 35 6 81 80 27 23
14 90 16 60 6 62 65 60 82 32
71 75 64 23 10 87 10 85 88 21
92 48 64 24 98 45 54 48 29 6
6 36 26 67 64 22 43 0 95 2
95 89 98 24 66 86 57 77 41 42
37 28 72 33 70 23 88 40 63 71
25 80 21 15 78 18 95 38 97 77
12 60 67 44 80 63 26 89 80 56
34 52 70 91 36 72 50 26 71 90
54 10 96 72 15 99 35 59 57 64
41 48 91 35 95 98 81 69 69 45
55 97 72 83 5 85 5 40 60 55
51 38 23 39 92 14 56 19 38 68
85 63 63 10 37 29 10 93 27 28
2 21 35 71 57 88 48 57 98 14
62 38 88 29 0 86 72 70 47 72
6 76 60 90 10 74 76 10 1 15
26 78 93 11 76 39 45 49 20 63
70 72 33 47 14 87 14 13 93 52
52 97 12 39 92 54 50 75 33 73
75 10 67 40 37 8 28 96 39 68
87 22 69 55 71 56 72 9 89 53
97 11 23 31 48 10 6 89 79 13
98 5 52 9 62 2 95 42 12 89
23 85 74 44 7 37 76 68 45 90
77 62 74 22 46 44 42 80 72 1
20 59 85 21 21 99 44 58 91 12
80 46 21 81 62 71 4 88 98 54
46 41 65 47 27 66 79 44 49 32
57 95 38 99 76 50 10 26 44 38
98 46 35 51 31 58 69 30 27 37
37 14 86 31 10 53 23 19 99 42
45 34 55 48 34 29 53 70 80 89
99 92 35 77 57 0 55 2 29 95
27 49 39 39 8 9 64 57 13 8
48 36 79 68 29 2 20 32 75 12
24 38 61 12 71 93 23 8 2 35
10 54 96 72 16 2 4 69 19 44
33 81 99 0 61 97 59 4 22 76
9 74 39 76 48 52 61 3 74 6
8 36 15 88 36 21 73 43 19 4
17 20 94 15 62 60 18 30 26 96
95 38 53 62 11 39 80 56 26 18
33 23 26 96 64 28 16 13 9 85
96 15 87 56 52 64 22 44 58 57
70 1 70 95 43 36 55 56 4 25
28 66 75 34 76 48 89 70 39 11
59 83 4 6 35 54 2 62 76 92
16 5 46 5 65 97 84 23 81 4
47 81 64 11 3 64 5 30 34 76
68 91 90 9 15 78 87 98 43 54
80 15 37 61 49 97 18 9 9 71
61 84 71 57 56 33 51 39 72 81
37 59 78 34 24 79 77 69 66 11
63 52 51 83 37 94 19 84 10 66
94 56 5 13 22 83 21 70 55 7
23 54 52 10 6 83 89 92 20 47
58 55 72 11 94 41 17 97 19 0
19 92 62 91 55 94 61 81 56 83
80 51 99 24 56 48 10 84 57 17
93 61 93 88 85 7 43 65 85 60
58 21 4 41 36 11 11 27 28 70
26 1 18 90 80 68 78 49 7 87
27 15 28 92 13 17 92 22 54 5
46 88 22 13 38 56 18 91 46 22
73 94 51 35 9 6 19 79 6 53
91 87 49 6 92 13 47 49 58 43
49 48 57 15 79 64 12 2 15 71
26 4 3 58 34 76 0 79 0 49
99 79 15 2 73 39 77 65 51 54
20 77 75 24 8 13 8 11 4 55
75 93 76 29 0 69 24 40 6 96
48 94 36 75 42 57 2 63 92 52
21 16 27 92 13 74 89 81 51 42
75 59 97 96 82 49 51 96 36 93
78 34 6 61 35 64 44 3 34 10
27 1 17 98 93 16 41 49 67 6
32 81 10 35 63 42 8 58 8 78
7 24 2 75 15 8 22 25 58 56
59 43 36 37 73 47 40 73 51 66
37 27 2 60 90 23 17 75 75 58
60 37 73 25 77 90 0 74 11 32
15 19 27 13 24 1 81 75 60 75
75 82 60 78 75 76 89 44 5 46
85 74 0 7 16 92 98 8 25 92
70 5 26 80 53 16 44 3 76 27
30 41 85 47 94 60 93 41 4 56
88 21 54 60 38 81 24 32 65 97
95 50 54 77 86 98 20 87 67 70
98 90 41 47 87 4 70 4 96 27
36 16 65 33 51 29 43 66 74 19
58 85 57 32 81 36 43 61 88 1
11 85 87 29 76 73 55 93 84 96
53 18 33 57 60 22 39 73 13 14
2 45 53 66 9 7 70 35 11 81
34 69 86 96 20 20 68 20 72 62
45 75 71 42 14 18 74 48 63 6
35 36 15 33 40 16 18 20 76 8
21 89 11 59 65 16 2 69 66 22
42 19 79 2 83 8 71 38 97 74
25 78 69 60 39 43 27 7 84 49
57 9 12 74 2 2 7 38 76 50
79 13 98 83 45 34 30 80 17 32
23 7 1 3 9 54 24 24 51 30
30 85 67 50 64 62 4 8 95 57
56 36 11 20 67 65 61 95 34 18
98 17 29 66 41 5 77 27 82 85
79 79 39 30 16 39 48 71 74 67
49 71 32 70 70 9 64 98 89 63
84 24 89 8 52 95 51 40 71 7
82 58 2 10 46 19 51 55 92 36
66 85 71 65 11 66 91 75 5 35
80 33 68 18 70 21 25 24 36 3
13 97 5 93 42 88 21 95 0 87
35 82 30 61 55 50 67 19 45 84
84 39 10 37 33 98 64 12 76 5
49 8 53 55 13 86 5 12 31 40
93 55 93 3 12 91 45 45 51 90
48 31 21 25 65 14 61 85 42 33
69 65 50 81 32 95 15 0 72 20
75 63 13 42 40 51 5 60 63 41
59 23 0 42 0 96 74 66 88 65
65 86 39 37 42 98 82 31 79 62
77 43 28 96 14 19 91 1 43 9
19 86 94 88 24 42 64 97 36 16
48 7 94 46 94 22 27 8 36 14
54 15 94 30 2 39 58 93 87 75
2 39 63 13 19 15 43 13 77 82
84 31 69 31 30 57 61 31 47 34
29 77 77 80 83 72 31 24 47 32
30 88 55 73 19 14 28 5 97 38
14 52 87 95 32 0 26 54 24 9
67 67 12 25 45 70 31 37 93 84
87 13 96 42 20 33 88 52 38 18
32 50 49 20 63 2 8 15 55 29
44 88 57 98 68 7 48 11 9 13
43 45 87 43 24 73 28 6 72 86
85 31 1 47 46 49 59 69 25 39
67 20 34 0 84 30 37 41 22 96
78 0 64 70 34 81 18 71 97 55
61 49 61 33 88 29 26 77 26 38
26 64 9 78 64 3 6 56 19 78
77 41 41 64 29 57 8 77 14 75
68 28 21 93 96 79 37 13 59 36
63 66 63 16 50 54 36 40 32 18
36 8 70 80 30 1 46 41 14 81
74 37 35 39 96 36 43 50 19 57
59 45 52 95 47 10 7 72 54 68
36 0 53 11 2 87 6 47 14 29
19 34 98 79 4 27 20 24 2 63
94 83 33 24 94 15 91 75 95 90
89 93 79 65 83 78 9 49 16 92
6 80 90 47 15 57 22 15 88 4
8 15 7 40 36 57 66 87 82 92
87 89 47 92 31 38 50 70 98 40
9 35 93 98 84 94 34 83 43 10
4 64 4 75 16 53 10 26 22 85
63 53 28 62 84 78 87 43 46 91
77 11 69 44 74 30 34 77 59 82
68 0 47 60 87 78 1 98 0 14
34 89 57 97 12 35 6 76 53 65
94 20 59 47 14 13 96 91 63 61
93 12 77 73 21 95 22 48 73 49
0 47 82 88 71 3 9 21 32 23
85 84 28 95 1 61 59 65 98 60
12 14 67 42 39 20 49 44 26 9
72 97 44 19 92 2 52 23 72 74
69 93 49 25 80 91 77 62 66 97
60 7 14 38 90 26 37 60 42 4
91 29 30 49 41 73 86 88 91 37
50 37 43 82 41 23 60 3 31 99
24 24 80 96 59 65 4 13 35 66
86 3 91 90 65 35 69 33 25 34
3 33 48 56 52 99 73 31 34 12
63 72 62 9 43 93 49 92 37 16
27 17 39 28 29 19 69 66 69 73
62 33 88 82 75 56 99 20 86 15
63 86 44 30 71 27 78 34 45 63
88 56 64 96 13 73 12 22 42 16
26 61 70 95 5 38 78 23 44 29
48 45 23 99 22 41 89 87 59 73
73 6 79 27 19 11 71 89 98 92
9 71 7 2 52 40 69 84 54 70
8 94 54 37 43 67 58 54 84 34
26 21 80 74 45 49 8 60 75 59
88 66 30 92 22 61 38 40 34 93
46 64 82 63 83 59 8 59 86 42
80 28 41 24 52 48 26 15 27 70
56 36 69 37 72 11 62 96 98 5
60 60 38 95 92 28 91 11 38 7
84 6 53 39 70 48 45 49 90 31
48 60 28 94 69 85 10 54 7 28
32 6 63 32 71 87 10 90 97 56
19 25 71 19 41 23 31 30 31 59
35 87 48 14 33 18 47 30 36 27
83 8 4 5 93 89 28 28 11 40
65 9 42 69 58 24 88 69 34 12
56 72 7 67 26 9 6 36 85 12
23 48 81 35 39 45 66 97 44 66
39 97 22 14 21 4 56 43 61 29
92 99 25 9 48 47 9 24 37 88
16 12 84 79 90 40 98 38 72 42
67 97 27 6 24 94 77 77 43 75
85 42 69 26 50 38 58 39 92 14
88 41 33 58 84 93 61 88 94 89
82 35 70 83 4 52 77 76 12 76
35 72 13 49 38 13 5 95 47 44
93 60 99 52 58 19 21 80 40 94
51 84 27 20 55 40 1 8 73 43
29 17 83 41 69 97 55 63 77 30
21 61 55 80 90 87 32 16 12 20
47 41 51 73 81 15 84 40 25 28
87 77 14 42 45 69 63 29 22 70
62 59 64 3 56 71 77 22 79 97
34 14 35 88 58 77 60 9 61 29
32 64 61 41 16 7 43 4 58 69
95 36 50 67 96 94 89 55 7 78
94 48 1 38 36 74 84 58 82 57
66 57 49 98 48 16 37 18 33 50
57 94 15 10 22 39 16 17 3 78
73 15 65 48 22 9 28 90 21 53
8 94 61 89 58 12 21 11 22 24
54 46 48 30 42 37 45 92 9 37
11 14 82 95 10 79 55 68 18 0
51 96 50 84 40 79 47 28 6 93
82 62 38 7 18 2 30 40 70 93
7 0 37 21 9 77 4 7 6 42
90 76 14 72 52 34 80 22 3 70
91 92 31 37 12 95 97 47 68 31
73 57 12 32 44 78 30 95 39 84
64 72 70 8 67 79 36 40 82 98
96 88 69 53 70 96 50 68 42 42
77 85 66 62 70 0 81 98 14 47
9 64 21 5 21 70 28 28 92 4
45 66 79 33 59 20 12 7 16 23
17 3 78 70 57 87 22 14 40 21
20 36 94 25 14 9 74 27 48 37
44 16 15 24 1 83 26 4 31 39
95 26 79 75 20 42 80 58 82 51
44 72 70 42 40 41 22 39 0 97
92 30 42 59 27 98 39 93 82 0
42 79 70 34 60 4 26 16 99 46
74 9 58 40 89 79 85 25 3 18
60 2 0 17 96 96 2 23 39 40
59 0 52 33 89 94 70 96 68 9
27 96 53 23 87 9 4 29 41 86
96 88 63 74 12 41 89 94 64 56
39 43 95 47 61 79 98 44 91 40
5 93 45 12 17 14 67 5 92 22
97 50 82 72 30 74 19 77 79 79
70 97 45 24 93 39 50 48 71 76
39 69 94 93 31 39 90 90 61 44
6 22 71 72 64 95 37 46 88 71
22 91 95 43 36 58 79 46 39 14
58 17 45 3 35 40 89 43 92 21
54 0 62 60 6 54 2 20 32 59
36 47 51 34 98 28 68 98 50 54
31 35 88 49 12 3 49 30 88 84
97 98 89 89 54 61 54 98 11 45
22 86 24 33 19 64 84 44 13 34
80 85 28 22 34 32 70 0 17 82
91 41 85 63 14 46 42 77 29 19
94 35 11 98 30 11 82 93 78 0
80 51 70 9 76 7 60 81 15 0
66 82 8 16 6 49 59 67 29 10
17 0 47 86 34 86 91 71 53 60
58 32 19 59 66 37 56 22 98 31
38 1 50 24 17 29 19 58 76 21
51 74 82 13 47 26 72 87 99 85
37 75 58 96 90 80 0 55 56 7
12 37 70 52 59 71 58 10 33 5
16 59 54 26 97 8 75 34 72 31
82 87 87 58 85 59 12 65 94 37
14 82 97 52 68 47 8 81 13 8
36 30 5 5 18 99 49 57 40 32
38 90 79 24 57 52 74 61 86 64
68 50 4 32 22 89 95 75 13 18
4 41 60 19 64 61 12 27 71 1
25 26 91 10 59 35 57 52 70 96
89 40 87 68 10 80 76 88 48 51
49 52 6 65 78 90 96 61 39 90
96 2 72 43 18 65 50 41 28 25
87 28 32 53 35 38 41 88 66 64
63 54 20 43 41 96 24 38 35 54
91 93 5 16 15 30 86 84 60 29
0 45 44 82 54 26 65 29 16 98
61 93 1 96 24 56 31 65 64 75
65 24 48 12 16 68 25 5 11 89
52 50 99 23 34 10 62 63 58 36
80 88 74 68 77 31 95 11 82 93
3 82 21 65 28 11 60 77 19 67
59 89 48 18 79 61 68 14 67 50
10 35 32 95 6 91 11 3 10 96
66 18 69 77 13 40 5 81 50 74
10 36 17 30 17 89 6 95 0 23
43 79 5 61 62 58 51 83 39 2
45 25 1 60 98 31 21 58 71 29
78 77 11 75 95 44 45 95 12 87
76 36 78 85 89 23 26 92 94 16
87 23 1 93 62 87 46 91 2 24
75 96 61 83 76 74 74 21 65 57
84 65 21 17 87 6 76 96 36 98
30 25 39 49 10 41 11 44 55 25
45 14 6 96 55 80 45 15 21 9
24 59 42 73 63 33 49 99 28 97
63 81 58 26 59 38 54 99 93 59
11 36 7 69 47 62 26 94 92 14
95 22 75 80 32 83 34 47 74 77
1 87 67 65 72 53 84 98 33 13
52 17 37 75 30 81 15 49 15 89
45 17 89 26 4 22 60 81 64 8
97 0 83 26 21 99 96 73 89 27
42 34 75 32 0 38 15 37 72 76
59 55 86 70 67 39 53 43 34 73
91 19 77 81 68 86 92 21 48 12
18 14 39 59 17 22 49 55 51 64
52 85 95 44 87 27 63 23 36 17
4 15 34 96 23 4 9 41 86 93
61 49 77 89 22 47 59 19 23 25
21 6 89 91 14 5 29 7 57 77
8 22 6 68 5 26 82 64 50 20
28 92 31 89 69 41 40 84 74 74
60 98 84 5 44 93 82 29 11 25
14 52 12 37 9 11 97 17 19 86
54 97 51 81 65 95 59 61 18 3
11 90 89 3 46 22 78 37 31 54
56 48 64 94 42 69 9 65 52 67
94 76 44 64 84 52 8 37 1 27
25 3 64 77 83 48 27 20 81 90
88 26 54 89 50 18 47 70 5 33
63 76 60 67 17 58 37 57 69 90
89 26 34 50 32 99 1 77 71 74
45 79 81 5 38 50 16 30 76 4
36 33 89 87 56 82 42 95 53 1
21 96 64 83 64 45 91 75 55 54
23 24 13 89 54 31 2 13 53 11
77 86 17 69 33 57 45 61 47 66
73 98 97 98 55 96 90 91 3 46
54 43 94 37 56 59 22 61 56 67
75 28 96 42 30 60 51 34 2 51
91 41 2 21 98 16 45 65 73 18
28 78 70 39 88 79 87 47 95 57
4 35 53 70 27 44 30 37 73 48
89 95 66 38 7 83 8 66 79 87
27 65 15 55 85 54 31 81 22 95
73 52 20 56 78 52 26 55 18 39
64 35 56 90 60 32 60 35 60 56
53 89 53 19 55 92 56 18 94 29
6 20 52 15 37 71 69 22 6 0
93 95 18 80 82 65 52 3 8 0
57 0 33 25 90 92 35 27 36 34
24 75 22 73 95 17 42 45 96 91
83 52 41 49 66 75 40 97 76 59
86 81 58 76 65 31 19 60 83 19
83 4 7 77 67 73 49 1 26 94
74 3 91 95 20 90 19 50 83 44
45 37 91 6 57 32 9 36 22 30
66 53 76 31 47 33 87 57 48 85
86 22 59 21 81 51 27 81 59 31
39 49 72 35 65 84 94 64 44 28
94 41 80 8 23 83 77 61 39 7
66 58 55 7 95 53 17 43 28 38
9 66 51 99 57 97 6 40 3 2
35 46 41 46 31 42 3 8 81 11
29 85 86 88 24 80 61 77 51 46
49 30 20 11 56 23 14 86 99 86
36 9 1 97 4 14 45 64 67 95
95 2 17 66 23 41 59 83 40 11
16 21 71 60 34 23 8 60 79 62
26 98 18 64 88 34 83 37 3 44
97 22 30 96 71 30 45 1 83 26
62 34 17 42 22 13 48 70 79 12
40 3 61 87 93 22 52 30 26 40
42 1 9 45 60 70 80 14 84 4
16 43 56 63 83 32 19 95 98 0
1 16 4 53 93 82 49 69 0 17
4 18 46 7 55 41 26 7 85 68
55 38 77 1 64 12 59 3 50 67
68 66 78 15 28 40 6 52 21 14
82 5 25 32 10 66 46 31 12 86
72 66 19 41 87 27 31 31 56 30
42 81 7 51 47 86 33 14 31 80
90 69 5 42 37 56 59 76 75 70
59 16 95 22 42 54 39 92 56 56
63 58 40 39 2 64 73 46 59 67
46 14 49 57 27 19 16 28 66 16
92 35 87 14 27 95 54 64 96 28
58 18 70 4 80 51 35 33 65 67
8 10 43 51 19 6 7 88 81 36
64 94 3 49 70 29 38 75 24 24
41 74 74 82 27 54 70 25 3 61
64 80 26 25 44 64 89 60 53 85
3 35 88 9 48 73 89 16 20 55
99 7 15 75 77 73 66 76 31 69
91 39 64 87 32 42 51 90 26 30
47 75 49 58 6 62 64 76 65 45
3 31 9 1 57 61 29 85 91 84
39 64 50 76 4 67 75 98 80 97
54 84 20 57 71 45 57 51 0 52
45 11 47 97 60 10 7 13 0 32
51 36 21 53 87 41 45 61 96 89
68 86 27 98 17 48 68 9 28 41
53 82 55 32 13 32 73 65 55 19
50 94 98 31 14 37 62 16 7 2
75 91 11 4 77 69 8 29 21 83
75 2 54 67 2 56 2 19 21 27
8 14 61 11 26 68 11 39 29 40
26 18 24 71 32 23 81 57 32 69
94 36 10 37 71 97 31 43 24 8
52 16 30 77 52 58 64 68 34 88
79 51 36 39 97 62 45 87 40 31
79 56 72 21 71 82 43 94 18 78
43 82 79 40 54 87 12 94 3 86
80 76 50 65 3 69 33 49 82 54
89 18 79 4 48 68 6 10 83 24
43 83 71 74 29 73 16 59 19 40
72 28 99 16 6 4 52 45 39 74
21 35 50 2 58 26 81 24 79 62
24 49 99 73 51 75 56 80 28 8
45 28 80 4 70 44 33 93 33 44
96 88 33 30 52 59 11 87 41 63
53 68 75 94 92 93 73 37 30 5
30 48 47 67 76 72 19 74 57 68
0 61 35 42 95 77 85 77 16 11
92 9 11 13 33 39 1 73 0 85
1 21 64 82 65 24 42 23 45 98
6 42 41 87 83 16 11 50 54 29
46 92 65 40 80 84 4 1 66 83
13 95 88 87 27 69 87 83 10 19
20 12 41 97 97 42 51 17 93 77
48 77 27 23 31 44 96 17 89 92
71 60 70 0 39 10 47 57 64 9
17 34 26 11 81 33 25 57 47 78
17 79 61 47 96 26 67 38 85 85
93 53 7 67 79 12 54 66 13 13
12 35 95 33 20 99 99 45 28 1
1 3 12 66 90 84 10 65 22 66
24 61 26 93 92 61 56 86 33 18
97 50 16 48 65 41 61 75 74 7
87 1 47 7 29 37 59 61 42 4
55 47 42 86 46 90 60 51 2 10
56 70 5 7 50 34 89 50 36 36
50 61 29 61 85 60 83 45 4 21
74 39 33 93 86 73 21 67 52 62
89 37 86 34 86 78 41 16 2 44
83 19 91 0 0 4 29 17 27 18
96 15 6 33 6 43 9 8 24 93
24 33 38 58 55 34 40 8 1 82
12 52 62 61 91 27 62 58 34 2
67 74 48 59 54 25 77 92 16 25
51 5 95 89 75 46 10 56 51 72
83 25 4 91 62 58 2 13 55 33
56 76 54 98 45 80 26 82 44 89
59 46 92 46 38 37 65 74 81 23
10 31 73 70 27 36 26 64 17 57
12 16 53 16 24 69 20 37 46 54
21 28 51 61 11 58 85 39 91 95
49 37 64 32 65 42 92 58 95 42
96 33 12 80 6 37 33 95 44 23
5 24 46 4 77 55 60 19 72 55
20 0 74 87 18 58 44 81 28 79
96 19 28 17 93 92 76 22 36 3
21 96 48 82 63 24 48 32 77 48
16 30 71 81 96 6 32 27 28 70
94 96 58 42 86 11 79 24 72 23
89 36 14 56 22 93 18 92 53 46
38 40 12 22 79 74 25 46 73 39
85 50 20 93 37 8 33 3 96 38